0.0 0.0 -0.02 1 0.5 0.27999999999999997 0.26 0.26 0.9199999999999999 0.8800000000000001 0.8800000000000001 1.0 1.0 1.0 1.0 0.54 0.5599999999999999 0.78 0.5 0.32
0.58 0.02 -0.02 1 0.5 0.27999999999999997 0.26 0.26 0.9199999999999999 0.8800000000000001 0.8800000000000001 1.0 1.0 1.0 1.0 0.54 0.5599999999999999 0.78 0.5 0.32
1.0 0.02 -0.02 1 0.52 0.27999999999999997 0.26 0.45999999999999996 0.8800000000000001 0.86 0.86 1.0 1.0 1.0 1.0 0.5599999999999999 0.5599999999999999 0.82 0.54 0.33999999999999997
1.0 0.02 0.01 1 0.54 0.27999999999999997 0.26 0.45999999999999996 0.86 0.82 0.82 1.0 0.8 1.0 1.0 0.58 0.58 0.86 0.5599999999999999 0.27999999999999997
1.0 0.02 0.02 1 0.58 0.26 0.26 0.6599999999999999 0.8400000000000001 0.78 0.78 1.0 0.76 1.0 1.0 0.62 0.62 0.9 0.5 0.3
1.0 0.02 0.02 1 0.6 0.26 0.26 0.6599999999999999 0.8 0.74 0.74 1.0 0.7 1.0 1.0 0.6599999999999999 0.6599999999999999 0.9400000000000001 0.44000000000000006 0.27999999999999997
1.0 0.02 0.06 1 0.44000000000000006 0.27999999999999997 0.27999999999999997 0.64 0.78 0.7 0.7 1.0 0.6799999999999999 1.0 1.0 0.6799999999999999 0.6799999999999999 1.0 0.45999999999999996 0.26
1.0 0.04 0.07 1 0.38 0.27999999999999997 0.45999999999999996 0.76 0.78 0.6599999999999999 0.6599999999999999 0.9400000000000001 0.64 0.8800000000000001 1.0 0.72 0.72 1.0 0.38 0.27999999999999997
1.0 0.0 0.08 1 0.38 0.3 0.45999999999999996 0.74 0.78 0.62 0.62 0.8800000000000001 0.6 0.86 1.0 0.78 0.74 1.0 0.4 0.3
1.0 0.02 0.08 1 0.38 0.32 0.48 0.7 0.76 0.58 0.58 0.8400000000000001 0.5599999999999999 0.8400000000000001 1.0 0.8400000000000001 0.78 1.0 0.4 0.32
1.0 -0.0 0.08 1 0.33999999999999997 0.33999999999999997 0.5 0.7 0.76 0.54 0.54 0.8 0.52 0.82 1.0 1.0 0.8 1.0 0.4 0.33999999999999997
1.0 -0.26 0.05 1 0.36 0.36 0.6599999999999999 0.6799999999999999 0.78 0.5 0.5 0.78 0.48 0.78 1.0 1.0 0.8400000000000001 1.0 0.38 0.38
1.0 -0.26 0.04 1 0.38 0.38 0.6599999999999999 0.6599999999999999 0.82 0.45999999999999996 0.45999999999999996 0.76 0.44000000000000006 0.76 1.0 0.9400000000000001 0.8800000000000001 0.86 0.4 0.4
1.0 0.06 0.04 1 0.42000000000000004 0.42000000000000004 0.6599999999999999 0.6599999999999999 0.8400000000000001 0.44000000000000006 0.44000000000000006 0.74 0.42000000000000004 0.74 1.0 0.96 0.9 0.9 0.44000000000000006 0.44000000000000006
1.0 0.02 0.04 1 0.44000000000000006 0.44000000000000006 0.64 0.64 0.9199999999999999 1.0 0.4 0.7 0.38 0.7 1.0 1.0 0.9400000000000001 0.9199999999999999 0.45999999999999996 0.5599999999999999
1.0 -0.2 -0.0 1 0.48 0.48 0.64 0.64 0.8800000000000001 1.0 0.36 0.6799999999999999 0.33999999999999997 0.6799999999999999 1.0 1.0 0.9800000000000001 0.8400000000000001 0.5 0.6
1.0 -0.22 -0.03 1 0.5 0.62 0.64 0.64 0.86 1.0 0.32 0.6599999999999999 0.3 0.6599999999999999 1.0 1.0 1.0 0.6599999999999999 0.52 0.62
1.0 -0.2 -0.04 1 0.54 0.64 0.64 0.6599999999999999 1.0 1.0 0.27999999999999997 0.64 0.26 0.64 1.0 1.0 1.0 0.64 0.5599999999999999 0.72
1.0 -0.18 -0.06 1 0.5599999999999999 0.6599999999999999 0.64 0.6599999999999999 0.96 0.96 0.24 0.6 0.22000000000000003 0.6 1.0 1.0 1.0 0.6 0.6 0.76
1.0 -0.24 -0.08 1 0.6 0.6599999999999999 0.6599999999999999 0.7 0.9199999999999999 0.9199999999999999 0.22000000000000003 0.58 0.18 0.58 1.0 1.0 1.0 0.62 0.62 0.64
1.0 -0.28 -0.1 1 0.64 0.6599999999999999 0.6599999999999999 0.72 0.8800000000000001 0.8800000000000001 0.18 0.5599999999999999 0.13999999999999999 0.5599999999999999 1.0 1.0 1.0 0.6599999999999999 0.6599999999999999 0.64
1.0 -0.3 -0.13 1 0.6799999999999999 0.6799999999999999 0.6799999999999999 0.78 0.8400000000000001 0.8400000000000001 0.12 0.54 0.12 0.54 1.0 1.0 1.0 0.7 0.7 0.6599999999999999
0.82 -0.44 -0.14 1 0.74 0.6799999999999999 0.6799999999999999 0.78 0.82 0.82 0.1 0.1 0.1 0.52 1.0 1.0 1.0 0.72 0.8 0.6599999999999999
0.46 -0.64 -0.18 1 0.82 0.7 0.7 1.0 0.78 0.64 0.06 0.06 0.5 0.5 1.0 1.0 1.0 0.76 0.7 0.6799999999999999
0.32 -0.62 -0.23 1 0.7 0.7 0.72 0.78 0.78 0.62 0.06 0.06 0.48 0.48 1.0 1.0 0.76 0.76 0.7 0.7
0.02 -0.44 -0.26 1 0.7 0.7 0.8 0.76 0.76 0.6 0.04 0.04 0.45999999999999996 0.45999999999999996 1.0 1.0 0.76 0.76 0.7 0.7
-0.06 -0.64 -0.29 1 0.7 0.7 0.8 0.76 0.76 0.04 0.04 1.0 0.45999999999999996 1.0 1.0 1.0 0.76 0.76 0.7 0.7
-0.04 -0.62 -0.38 1 0.6799999999999999 0.6799999999999999 1.0 0.78 0.8 0.04 0.04 1.0 0.44000000000000006 1.0 1.0 1.0 0.76 0.82 0.7 0.72
-0.04 -0.5 -0.41 1 0.6799999999999999 0.6799999999999999 0.8 0.78 0.6 0.04 0.04 1.0 0.45999999999999996 1.0 1.0 1.0 0.76 0.7 0.7 0.74
-0.1 -0.48 -0.44 1 0.6599999999999999 0.7 0.8 0.78 0.04 0.04 0.45999999999999996 1.0 1.0 1.0 1.0 0.76 0.76 0.6799999999999999 0.6799999999999999 0.8
-0.16 -0.36 -0.46 1 0.6599999999999999 0.7 0.8 0.8 0.04 0.04 1.0 1.0 1.0 1.0 1.0 0.76 0.76 0.6799999999999999 0.6799999999999999 0.8
-0.24 -0.44 -0.46 1 0.64 0.76 0.8 0.8 0.06 0.06 1.0 1.0 1.0 1.0 1.0 0.74 0.74 0.6599999999999999 0.6599999999999999 1.0
-0.24 -0.4 -0.48 1 0.64 0.78 0.8 0.06 0.06 0.48 1.0 1.0 1.0 1.0 1.0 0.74 0.8 0.6599999999999999 0.6599999999999999 1.0
-0.2 -0.38 -0.5 1 0.62 0.76 0.82 0.08 0.06 0.48 1.0 1.0 1.0 1.0 1.0 0.74 0.8 0.64 0.6599999999999999 1.0
-0.18 -0.34 -0.52 1 0.62 1.0 0.82 0.08 0.08 0.48 1.0 1.0 1.0 1.0 1.0 0.74 0.64 0.64 0.6799999999999999 1.0
-0.18 -0.3 -0.53 1 0.64 1.0 0.82 0.08 0.08 0.5 1.0 1.0 1.0 1.0 0.74 0.74 0.62 0.62 0.6599999999999999 1.0
-0.16 -0.28 -0.56 1 0.64 0.8400000000000001 0.82 0.08 0.08 0.5 1.0 1.0 1.0 1.0 0.74 0.74 0.62 0.62 0.6599999999999999 0.8
-0.16 0.02 -0.56 1 0.62 0.8400000000000001 0.82 0.1 0.1 0.5599999999999999 1.0 1.0 1.0 1.0 0.74 0.74 0.6 0.6 0.6599999999999999 0.8
-0.16 0.02 -0.56 1 0.62 0.8400000000000001 0.82 0.1 0.1 0.54 1.0 1.0 1.0 1.0 0.74 0.74 0.6 0.6 0.6599999999999999 0.8
-0.14 0.02 -0.55 1 0.62 0.8400000000000001 0.82 0.1 0.1 0.52 1.0 1.0 1.0 1.0 0.74 0.74 0.6 0.6 0.6599999999999999 0.8
-0.14 0.0 -0.55 1 0.6 0.8400000000000001 0.82 0.1 0.1 0.52 1.0 1.0 1.0 1.0 0.74 0.74 0.58 0.58 0.64 0.8
-0.12 0.0 -0.54 1 0.6 1.0 0.82 0.1 0.1 0.54 1.0 1.0 1.0 1.0 0.74 0.74 0.58 0.58 0.64 0.8
-0.1 0.24 -0.53 1 0.6 1.0 0.82 0.12 0.12 0.54 1.0 1.0 1.0 1.0 0.72 0.72 0.58 0.58 0.64 1.0
-0.1 0.24 -0.5 1 0.58 1.0 0.82 0.6799999999999999 0.12 0.54 1.0 1.0 1.0 1.0 0.72 0.72 0.58 0.58 0.62 1.0
-0.08 0.32 -0.47 1 0.58 1.0 0.82 0.6799999999999999 0.12 0.54 1.0 1.0 1.0 1.0 0.74 0.72 0.58 0.58 0.62 1.0
-0.06 0.3 -0.46 1 0.5599999999999999 0.7 0.82 0.82 0.12 0.12 1.0 1.0 1.0 1.0 1.0 0.72 0.78 0.58 0.6 1.0
-0.02 0.4 -0.43 1 0.5599999999999999 0.7 0.8 0.8 0.12 0.12 1.0 1.0 1.0 1.0 1.0 0.72 0.76 0.58 0.58 1.0
0.1 0.54 -0.42 1 0.5599999999999999 0.62 0.8 0.8 0.12 0.12 1.0 1.0 1.0 1.0 1.0 0.72 0.76 0.58 0.58 0.72
0.28 0.7 -0.38 1 0.58 0.62 0.8 0.8 0.6599999999999999 0.12 0.5599999999999999 1.0 1.0 1.0 1.0 0.72 0.72 0.6 0.6 0.72
0.56 0.8 -0.35 1 0.6 0.6 1.0 0.78 0.6599999999999999 0.12 0.12 1.0 0.52 1.0 1.0 0.74 0.72 0.62 0.62 0.6599999999999999
0.84 0.9 -0.31 1 0.64 0.64 1.0 0.76 0.76 0.52 0.08 1.0 0.5 1.0 1.0 1.0 0.76 0.8 0.64 0.6599999999999999
1.02 0.96 -0.27 1 0.6599999999999999 0.6599999999999999 0.76 0.72 0.72 0.6 0.04 0.04 0.48 0.48 1.0 1.0 0.78 0.78 0.6799999999999999 0.6799999999999999
0.0 -0.08 -0.23 1 0.7 0.7 0.72 0.72 0.7 0.58 0.48 0.02 -0.0 0.48 1.0 1.0 0.82 0.82 0.6799999999999999 0.6799999999999999
0.0 0.0 -0.23 1 0.7 0.7 0.72 0.72 0.7 0.58 0.48 0.02 -0.0 0.48 1.0 1.0 0.82 0.82 0.6799999999999999 0.6799999999999999
0.0 0.0 -0.23 1 0.7 0.7 0.72 0.72 0.7 0.58 0.48 0.02 -0.0 0.48 1.0 1.0 0.82 0.82 0.6799999999999999 0.6799999999999999
0.0 0.0 -0.23 1 0.7 0.7 0.72 0.72 0.7 0.58 0.48 0.02 -0.0 0.48 1.0 1.0 0.82 0.82 0.7 0.6799999999999999
0.0 0.0 -0.23 1 0.7 0.7 0.72 0.72 0.7 0.58 0.48 0.02 -0.0 0.48 1.0 1.0 0.82 0.82 0.6799999999999999 0.6799999999999999
-0.02 0.02 -0.23 1 0.7 0.7 0.72 0.72 0.7 0.58 0.48 0.02 -0.0 0.48 1.0 1.0 0.82 0.82 0.7 0.6799999999999999
-0.2 -0.02 -0.23 1 0.7 0.6799999999999999 0.72 0.72 0.7 0.6 0.48 0.02 0.0 0.48 1.0 1.0 0.82 0.82 0.6799999999999999 0.6799999999999999
-0.2 0.02 -0.22 1 0.6799999999999999 0.6799999999999999 0.7 0.72 0.72 0.6 0.5 0.02 0.0 0.48 1.0 1.0 0.8 0.8 0.6799999999999999 0.6799999999999999
-0.22 0.02 -0.22 1 0.6799999999999999 0.6799999999999999 0.7 0.72 0.72 0.62 0.08 0.04 0.02 0.48 1.0 1.0 0.8 0.8 0.6799999999999999 0.6799999999999999
-0.22 0.02 -0.21 1 0.6799999999999999 0.6799999999999999 0.7 0.74 0.74 0.62 0.08 0.04 0.02 0.5 1.0 1.0 0.78 0.78 0.6799999999999999 0.6599999999999999
-0.22 -0.0 -0.21 1 0.6799999999999999 0.6799999999999999 0.7 0.74 0.74 0.62 0.06 0.06 0.04 0.5 1.0 1.0 0.78 0.78 0.6599999999999999 0.6599999999999999
-0.24 -0.0 -0.2 1 0.6799999999999999 0.6599999999999999 0.6799999999999999 0.76 0.74 0.64 0.08 0.06 0.04 0.5 1.0 1.0 0.76 0.76 0.6599999999999999 0.6599999999999999
-0.24 -0.02 -0.21 1 0.6599999999999999 0.6599999999999999 0.6799999999999999 0.76 0.76 0.64 0.08 0.08 0.06 0.52 1.0 1.0 0.76 0.76 0.6599999999999999 0.6599999999999999
-0.28 -0.0 -0.21 1 0.6599999999999999 0.6599999999999999 0.6799999999999999 0.78 0.76 0.6599999999999999 0.08 0.08 0.06 0.52 1.0 1.0 0.76 0.76 0.6599999999999999 0.64
-0.26 -0.0 -0.2 1 0.6599999999999999 0.64 0.6799999999999999 0.78 0.78 0.6599999999999999 0.1 0.1 0.08 0.52 1.0 1.0 0.74 0.74 0.64 0.64
-0.26 0.0 -0.2 1 0.64 0.64 0.6799999999999999 1.0 0.78 0.6799999999999999 0.12 0.12 0.1 0.52 1.0 1.0 0.72 0.72 0.64 0.64
-0.26 -0.0 -0.19 1 0.64 0.64 0.6599999999999999 1.0 0.78 0.6799999999999999 0.12 0.12 0.12 0.54 1.0 1.0 0.72 0.72 0.64 0.64
-0.22 0.0 -0.19 1 0.64 0.64 0.6599999999999999 1.0 0.8 0.7 0.13999999999999999 0.5599999999999999 0.13999999999999999 0.54 1.0 1.0 0.7 0.7 0.62 0.62
-0.2 -0.02 -0.19 1 0.64 0.62 0.6599999999999999 1.0 0.8 0.7 0.13999999999999999 0.5599999999999999 0.13999999999999999 0.5599999999999999 1.0 1.0 0.7 0.7 0.62 0.62
-0.18 -0.02 -0.19 1 0.78 0.62 0.6599999999999999 1.0 0.82 0.7 0.13999999999999999 0.58 0.13999999999999999 0.5599999999999999 1.0 1.0 0.7 0.7 0.62 0.62
-0.14 0.24 -0.18 1 0.78 0.62 0.64 1.0 0.82 0.72 0.16 0.58 0.13999999999999999 0.5599999999999999 1.0 1.0 0.7 0.6799999999999999 0.62 0.62
-0.1 0.28 -0.16 1 0.74 0.62 0.62 1.0 0.82 0.72 0.16 0.58 0.12 0.5599999999999999 1.0 1.0 0.82 0.6799999999999999 0.62 0.6
-0.04 0.22 -0.13 1 0.74 0.62 0.62 1.0 0.82 0.72 0.16 0.16 0.12 0.58 1.0 1.0 1.0 0.6799999999999999 0.76 0.6
-0.06 0.3 -0.12 1 0.74 0.62 0.62 0.72 0.82 0.82 0.16 0.16 0.13999999999999999 0.58 1.0 1.0 1.0 0.6799999999999999 0.76 0.6
-0.04 0.18 -0.1 1 0.74 0.62 0.62 0.72 0.82 0.82 0.16 0.16 0.13999999999999999 0.58 1.0 1.0 1.0 0.6799999999999999 0.76 0.6
-0.02 0.04 -0.09 1 0.74 0.62 0.62 0.72 0.82 0.82 0.16 0.16 0.13999999999999999 0.58 1.0 1.0 1.0 0.6799999999999999 0.76 0.6
-0.1 0.02 -0.09 1 0.74 0.62 0.62 0.72 0.82 0.8400000000000001 0.16 0.16 0.13999999999999999 0.58 1.0 1.0 1.0 0.6799999999999999 0.76 0.6
-0.14 0.0 -0.09 1 0.72 0.62 0.62 0.72 0.8400000000000001 0.8400000000000001 0.18 0.18 0.13999999999999999 0.58 1.0 1.0 1.0 0.6799999999999999 0.74 0.6
-0.16 -0.0 -0.09 1 0.72 0.62 0.62 0.72 0.8400000000000001 0.8400000000000001 0.18 0.18 0.13999999999999999 0.6 1.0 1.0 1.0 0.6799999999999999 0.74 0.58
-0.16 0.0 -0.09 1 0.72 0.62 0.62 0.72 0.8400000000000001 0.8400000000000001 0.18 0.18 0.16 0.6 1.0 1.0 1.0 0.6599999999999999 0.74 0.58
-0.18 0.0 -0.09 1 0.72 0.6 0.6 0.72 0.8400000000000001 0.8400000000000001 0.18 0.18 0.16 0.6 1.0 1.0 1.0 0.6599999999999999 0.72 0.58
-0.2 0.0 -0.08 1 0.7 0.6 0.6 0.74 0.86 0.86 0.2 0.2 0.16 0.6 1.0 1.0 1.0 0.6599999999999999 0.72 0.58
-0.2 -0.0 -0.08 1 0.7 0.6 0.6 0.74 0.86 0.86 0.2 0.6 0.18 0.6 1.0 1.0 1.0 0.64 0.72 0.58
-0.14 -0.02 -0.08 1 0.7 0.6 0.6 0.74 0.8800000000000001 0.8800000000000001 0.22000000000000003 0.62 0.18 0.6 1.0 1.0 1.0 0.64 0.72 0.58
-0.08 0.0 -0.08 1 0.6799999999999999 0.6 0.6 0.74 0.8800000000000001 0.8800000000000001 0.22000000000000003 0.62 0.18 0.62 1.0 1.0 1.0 0.64 0.7 0.58
0.0 0.02 -0.08 1 0.6799999999999999 0.6 0.6 0.74 0.8800000000000001 0.8800000000000001 0.22000000000000003 0.62 0.18 0.62 1.0 1.0 1.0 0.64 0.7 0.58
0.46 0.02 -0.08 1 0.7 0.6 0.6 0.74 0.86 0.86 0.2 0.62 0.18 0.62 1.0 1.0 1.0 0.64 0.72 0.58
0.82 0.02 -0.09 1 0.72 0.62 0.62 0.72 0.8400000000000001 0.8400000000000001 0.18 0.18 0.16 0.6 1.0 1.0 1.0 0.6599999999999999 0.74 0.58
0.56 -0.26 -0.1 1 0.74 0.62 0.62 0.72 0.82 0.82 0.16 0.16 0.13999999999999999 0.58 1.0 1.0 1.0 0.7 0.76 0.6
0.6 -0.38 -0.12 1 0.76 0.62 0.62 1.0 0.8 0.8 0.13999999999999999 0.13999999999999999 0.1 0.5599999999999999 1.0 1.0 1.0 0.72 0.78 0.62
0.46 -0.5 -0.15 1 0.76 0.64 0.64 1.0 0.78 0.6799999999999999 0.12 0.12 0.1 0.5599999999999999 1.0 1.0 0.8800000000000001 0.72 0.64 0.62
0.12 -0.52 -0.2 1 0.64 0.64 0.6599999999999999 0.78 0.76 0.6599999999999999 0.1 0.1 0.08 0.54 1.0 1.0 0.74 0.74 0.64 0.64
-0.08 -0.74 -0.24 1 0.64 0.64 0.74 0.76 0.76 0.6599999999999999 0.1 1.0 0.52 0.52 1.0 1.0 0.74 0.74 0.64 0.64
0.0 -0.62 -0.28 1 0.62 0.62 0.74 0.78 0.78 0.6599999999999999 0.1 1.0 0.52 1.0 1.0 1.0 0.74 0.8 0.64 0.64
0.04 -0.36 -0.32 1 0.62 0.62 1.0 0.78 0.78 0.1 0.1 1.0 0.5 1.0 1.0 1.0 0.74 0.64 0.64 0.6599999999999999
-0.02 -0.46 -0.34 1 0.62 0.62 1.0 0.78 0.64 0.1 0.1 1.0 0.5 1.0 1.0 0.74 0.74 0.64 0.64 0.6599999999999999
-0.04 -0.44 -0.37 1 0.6 0.64 0.78 0.78 0.64 0.1 0.1 1.0 1.0 1.0 1.0 0.74 0.74 0.64 0.64 0.74
-0.06 -0.28 -0.39 1 0.6 0.64 0.8 0.78 0.64 0.1 1.0 1.0 1.0 1.0 1.0 0.74 0.74 0.62 0.62 0.74
-0.04 0.0 -0.4 1 0.6 0.64 0.8 0.78 0.64 0.1 1.0 1.0 1.0 1.0 1.0 0.74 0.74 0.62 0.62 0.74
-0.08 -0.02 -0.4 1 0.6 0.64 0.8 0.8 0.64 0.1 1.0 1.0 1.0 1.0 1.0 0.72 0.72 0.62 0.62 0.74
-0.04 0.02 -0.4 1 0.6 0.64 0.8 0.8 0.64 0.1 1.0 1.0 1.0 1.0 1.0 0.72 0.72 0.62 0.62 0.74
0.02 0.02 -0.4 1 0.6 0.64 0.8 0.8 0.6599999999999999 0.1 1.0 1.0 1.0 1.0 1.0 0.72 0.72 0.62 0.62 0.74
0.22 0.36 -0.39 1 0.6 0.64 0.8 0.78 0.64 0.1 1.0 1.0 1.0 1.0 1.0 0.72 0.72 0.62 0.62 0.74
0.34 0.5 -0.37 1 0.62 0.6599999999999999 0.78 0.78 0.64 0.08 0.08 1.0 1.0 1.0 1.0 0.74 0.74 0.64 0.64 0.74
0.46 0.6 -0.35 1 0.64 0.64 1.0 0.76 0.62 0.08 0.08 1.0 0.48 1.0 1.0 0.9 0.76 0.6599999999999999 0.6599999999999999 0.6799999999999999
0.68 0.8 -0.32 1 0.6599999999999999 0.6599999999999999 1.0 0.74 0.74 0.5 0.06 0.06 0.45999999999999996 1.0 1.0 1.0 0.78 0.8400000000000001 0.6799999999999999 0.6799999999999999
0.34 0.9 -0.28 1 0.7 0.7 0.78 0.72 0.72 0.58 0.02 0.0 0.45999999999999996 0.45999999999999996 1.0 1.0 0.8 0.8 0.7 0.7
0.0 -0.02 -0.26 1 0.7 0.7 0.78 0.72 0.72 0.58 0.06 0.0 0.45999999999999996 0.45999999999999996 1.0 1.0 0.82 0.82 0.7 0.7
0.0 0.0 -0.26 1 0.7 0.7 0.78 0.72 0.72 0.58 0.06 0.0 0.45999999999999996 0.45999999999999996 1.0 1.0 0.82 0.82 0.7 0.7
0.0 0.0 -0.26 1 0.7 0.7 0.78 0.72 0.72 0.58 0.06 0.0 0.45999999999999996 0.45999999999999996 1.0 1.0 0.82 0.82 0.7 0.7
0.0 0.0 -0.26 1 0.7 0.7 0.78 0.72 0.72 0.58 0.06 0.0 0.45999999999999996 0.45999999999999996 1.0 1.0 0.82 0.82 0.7 0.7
0.0 0.0 -0.26 1 0.7 0.7 0.78 0.72 0.72 0.58 0.06 0.0 0.45999999999999996 0.45999999999999996 1.0 1.0 0.82 0.82 0.7 0.7
-0.04 0.04 -0.26 1 0.7 0.7 0.78 0.72 0.72 0.58 0.06 0.0 0.45999999999999996 0.45999999999999996 1.0 1.0 0.82 0.82 0.7 0.7
-0.1 0.42 -0.25 1 0.7 0.7 0.74 0.72 0.72 0.58 0.45999999999999996 0.0 0.02 0.45999999999999996 1.0 1.0 0.82 0.82 0.7 0.7
-0.1 0.46 -0.22 1 0.72 0.7 0.72 0.74 0.72 0.6 0.48 0.0 0.0 0.45999999999999996 1.0 1.0 0.96 0.82 0.7 0.7
-0.18 0.26 -0.19 1 1.0 0.7 0.7 1.0 0.72 0.78 0.48 0.02 -0.0 0.48 1.0 1.0 1.0 0.8 0.7 0.6799999999999999
-0.18 0.24 -0.18 1 1.0 0.7 0.7 1.0 0.74 0.8 0.48 0.02 -0.0 0.48 1.0 1.0 1.0 0.8 0.72 0.6799999999999999
-0.14 0.22 -0.16 1 1.0 0.7 0.7 1.0 0.74 0.74 0.5 0.02 0.0 0.48 1.0 1.0 1.0 0.8 0.8800000000000001 0.6799999999999999
-0.14 0.0 -0.15 1 0.78 0.7 0.7 1.0 0.74 0.74 0.5 0.04 0.02 0.5 1.0 1.0 1.0 0.8 0.86 0.6799999999999999
-0.16 0.0 -0.15 1 0.78 0.7 0.7 1.0 0.74 0.74 0.5 0.04 0.02 0.5 1.0 1.0 1.0 0.78 0.86 0.6799999999999999
-0.18 -0.0 -0.15 1 0.76 0.7 0.7 1.0 0.76 0.76 0.5 0.04 0.02 0.5 1.0 1.0 1.0 0.78 0.86 0.6599999999999999
-0.18 0.0 -0.14 1 0.76 0.6799999999999999 0.6799999999999999 1.0 0.76 0.76 0.5 0.06 0.02 0.5 1.0 1.0 1.0 0.78 0.8400000000000001 0.6599999999999999
-0.22 -0.0 -0.14 1 0.76 0.6799999999999999 0.6799999999999999 0.76 0.78 0.78 0.08 0.06 0.04 0.5 1.0 1.0 1.0 0.76 0.8400000000000001 0.6599999999999999
-0.22 -0.02 -0.14 1 0.74 0.6799999999999999 0.6799999999999999 0.76 0.78 0.78 0.08 0.06 0.04 0.52 1.0 1.0 1.0 0.76 0.82 0.6599999999999999
-0.22 -0.02 -0.14 1 0.74 0.6799999999999999 0.6799999999999999 0.76 0.78 0.78 0.08 0.08 0.06 0.52 1.0 1.0 1.0 0.76 0.82 0.6599999999999999
-0.22 0.0 -0.14 1 0.74 0.6799999999999999 0.6799999999999999 0.76 0.8 0.8 0.1 0.1 0.06 0.52 1.0 1.0 1.0 0.74 0.82 0.6599999999999999
-0.24 -0.0 -0.14 1 0.72 0.6799999999999999 0.6799999999999999 0.76 0.8 0.8 0.1 0.1 0.08 0.52 1.0 1.0 1.0 0.74 0.8 0.6599999999999999
-0.26 -0.02 -0.14 1 0.72 0.6799999999999999 0.6799999999999999 0.76 0.82 0.82 0.12 0.12 0.08 0.52 1.0 1.0 1.0 0.72 0.8 0.64
-0.24 -0.0 -0.13 1 0.7 0.6599999999999999 0.6599999999999999 0.78 0.82 0.82 0.12 0.12 0.1 0.54 1.0 1.0 1.0 0.72 0.78 0.64
-0.24 -0.02 -0.13 1 0.7 0.6599999999999999 0.6599999999999999 0.78 0.8400000000000001 0.8400000000000001 0.13999999999999999 0.13999999999999999 0.1 0.54 1.0 1.0 1.0 0.7 0.78 0.64
-0.22 0.02 -0.13 1 0.6799999999999999 0.6599999999999999 0.6599999999999999 0.78 0.8400000000000001 0.8400000000000001 0.13999999999999999 0.54 0.12 0.54 1.0 1.0 1.0 0.7 0.78 0.64
-0.22 -0.0 -0.13 1 0.6799999999999999 0.6599999999999999 0.6599999999999999 0.78 0.86 0.86 0.16 0.5599999999999999 0.13999999999999999 0.5599999999999999 1.0 1.0 1.0 0.6799999999999999 0.76 0.64
-0.2 -0.0 -0.12 1 0.6599999999999999 0.6599999999999999 0.6599999999999999 0.78 0.86 0.86 0.16 0.5599999999999999 0.13999999999999999 0.5599999999999999 1.0 1.0 1.0 0.6799999999999999 0.76 0.64
-0.18 -0.0 -0.12 1 0.6599999999999999 0.6599999999999999 0.6599999999999999 0.78 0.86 0.86 0.16 0.5599999999999999 0.16 0.5599999999999999 1.0 1.0 1.0 0.6599999999999999 0.74 0.64
-0.08 0.0 -0.12 1 0.64 0.6599999999999999 0.6599999999999999 0.78 0.86 0.8800000000000001 0.16 0.5599999999999999 0.16 0.5599999999999999 1.0 1.0 1.0 0.6599999999999999 0.74 0.64
0.16 0.02 -0.12 1 0.64 0.6599999999999999 0.6599999999999999 0.78 0.86 0.86 0.16 0.5599999999999999 0.16 0.5599999999999999 1.0 1.0 1.0 0.6599999999999999 0.74 0.64
0.3 -0.0 -0.12 1 0.6599999999999999 0.6599999999999999 0.6599999999999999 0.78 0.86 0.86 0.16 0.5599999999999999 0.13999999999999999 0.5599999999999999 1.0 1.0 1.0 0.6799999999999999 0.76 0.64
0.4 -0.02 -0.13 1 0.6799999999999999 0.6599999999999999 0.6599999999999999 0.78 0.8400000000000001 0.8400000000000001 0.13999999999999999 0.54 0.12 0.54 1.0 1.0 1.0 0.6799999999999999 0.76 0.64
0.5 0.0 -0.13 1 0.7 0.6599999999999999 0.6599999999999999 0.78 0.8400000000000001 0.8400000000000001 0.12 0.13999999999999999 0.1 0.54 1.0 1.0 1.0 0.7 0.78 0.64
0.22 -0.18 -0.14 1 0.78 0.6799999999999999 0.6799999999999999 0.78 0.82 0.82 0.12 0.12 0.1 0.52 1.0 1.0 1.0 0.72 0.8 0.6599999999999999
0.14 -0.4 -0.16 1 0.78 0.6799999999999999 0.6799999999999999 1.0 0.8 0.6799999999999999 0.1 0.1 0.1 0.52 1.0 1.0 1.0 0.72 0.8 0.6599999999999999
-0.02 -0.42 -0.18 1 0.78 0.6799999999999999 0.6799999999999999 1.0 0.8 0.6599999999999999 0.1 0.52 0.52 0.52 1.0 1.0 1.0 0.72 0.6799999999999999 0.6599999999999999
-0.02 -0.38 -0.21 1 0.82 0.6799999999999999 0.7 0.82 0.8 0.6599999999999999 0.1 0.52 0.5 0.5 1.0 1.0 0.74 0.72 0.6799999999999999 0.6599999999999999
-0.06 -0.3 -0.23 1 0.6599999999999999 0.6599999999999999 0.7 0.82 0.82 0.1 0.1 1.0 0.5 0.5 1.0 1.0 0.72 0.72 0.6799999999999999 0.6599999999999999
-0.04 0.06 -0.24 1 0.6599999999999999 0.6599999999999999 0.72 0.82 0.82 0.1 0.1 1.0 0.5 0.5 1.0 1.0 0.72 0.72 0.6799999999999999 0.6599999999999999
-0.04 0.04 -0.24 1 0.6599999999999999 0.6599999999999999 0.7 0.82 0.82 0.12 0.1 1.0 0.5 0.52 1.0 1.0 0.7 0.7 0.6599999999999999 0.6599999999999999
0.12 0.38 -0.23 1 0.6599999999999999 0.6599999999999999 0.7 0.82 0.82 0.12 0.1 1.0 0.5 0.5 1.0 1.0 0.72 0.72 0.6599999999999999 0.6599999999999999
0.22 0.5 -0.21 1 0.78 0.6799999999999999 0.6799999999999999 1.0 0.8 0.6599999999999999 0.1 0.52 0.5 0.5 1.0 1.0 0.86 0.72 0.6799999999999999 0.6599999999999999
0.44 0.74 -0.17 1 0.8 0.6799999999999999 0.6799999999999999 1.0 0.8 0.8400000000000001 0.08 0.08 0.1 0.5 1.0 1.0 1.0 0.74 0.82 0.6599999999999999
0.82 0.96 -0.13 1 0.74 0.6799999999999999 0.6799999999999999 0.76 0.78 0.78 0.64 0.06 0.04 0.5 1.0 1.0 1.0 0.78 0.78 0.6599999999999999
0.88 0.54 -0.08 1 0.78 0.7 0.6799999999999999 0.74 0.74 0.74 0.62 0.48 0.02 0.06 0.5 1.0 1.0 0.82 0.82 0.6799999999999999
0.72 -0.08 -0.07 1 0.82 0.7 0.6799999999999999 0.74 0.72 0.72 0.6 0.6 0.0 0.0 0.48 1.0 1.0 0.8400000000000001 0.8400000000000001 0.6799999999999999
0.74 -0.02 -0.07 1 1.0 0.7 0.6799999999999999 0.74 0.6799999999999999 0.6799999999999999 0.58 0.58 -0.0 -0.0 0.48 1.0 1.0 0.86 0.86 0.6799999999999999
0.72 0.0 -0.07 1 1.0 0.7 0.7 0.72 0.6599999999999999 0.6599999999999999 0.5599999999999999 0.5599999999999999 -0.0 -0.0 0.48 1.0 1.0 0.9 0.9 0.6799999999999999
0.94 0.02 -0.07 1 1.0 0.7 0.7 0.74 0.62 0.62 0.72 0.54 0.7 0.0 0.02 1.0 1.0 0.9199999999999999 0.9199999999999999 0.6799999999999999
1.0 0.02 -0.08 1 1.0 0.7 0.7 0.78 0.6 0.58 0.6799999999999999 0.52 0.6799999999999999 0.52 0.04 0.04 1.0 0.96 0.96 0.6799999999999999
1.0 0.02 -0.08 1 1.0 0.72 0.7 0.9 0.5599999999999999 0.54 0.6599999999999999 0.5 0.64 0.5 0.08 0.06 0.06 1.0 1.0 0.7
1.0 0.02 -0.09 1 1.0 0.72 0.7 0.8800000000000001 0.5 0.5 0.62 0.62 0.62 0.48 0.44000000000000006 0.08 0.08 1.0 1.0 0.7
1.0 0.02 -0.09 1 1.0 0.72 0.72 0.8400000000000001 0.45999999999999996 0.45999999999999996 0.6 0.6 1.0 0.45999999999999996 0.44000000000000006 0.12 0.12 1.0 0.8400000000000001 0.7
1.0 0.02 -0.09 1 1.0 0.72 0.7 0.82 0.42000000000000004 0.42000000000000004 0.58 0.58 1.0 0.45999999999999996 0.45999999999999996 0.45999999999999996 0.16 1.0 0.8400000000000001 0.7
1.0 0.0 -0.09 1 1.0 0.74 0.7 0.8 0.38 0.38 1.0 0.54 1.0 0.45999999999999996 0.45999999999999996 0.45999999999999996 0.18 0.18 0.8400000000000001 0.72
1.0 0.02 -0.09 1 1.0 0.74 0.7 0.78 0.33999999999999997 0.33999999999999997 1.0 0.62 1.0 0.44000000000000006 0.44000000000000006 0.48 0.22000000000000003 0.22000000000000003 0.8400000000000001 0.72
1.0 0.0 -0.09 1 1.0 0.76 0.72 0.74 0.3 0.3 1.0 0.5 1.0 0.52 0.44000000000000006 0.5 0.26 0.26 0.8400000000000001 0.74
1.0 0.0 -0.09 1 1.0 0.72 0.72 0.72 0.26 0.26 1.0 0.48 1.0 0.5 0.42000000000000004 0.5 0.3 0.3 0.8400000000000001 0.72
1.0 -0.0 -0.11 1 1.0 0.74 0.74 0.7 0.22000000000000003 0.22000000000000003 1.0 1.0 1.0 0.48 0.42000000000000004 0.52 0.33999999999999997 0.33999999999999997 0.8400000000000001 0.72
1.0 0.02 -0.1 1 1.0 0.74 0.74 0.7 0.2 0.2 1.0 1.0 1.0 0.48 0.42000000000000004 0.54 0.36 0.36 0.86 0.72
1.0 0.02 -0.11 1 1.0 0.76 0.76 0.6599999999999999 0.13999999999999999 0.13999999999999999 0.13999999999999999 1.0 1.0 0.45999999999999996 0.44000000000000006 0.44000000000000006 0.42000000000000004 0.42000000000000004 0.86 0.74
1.0 0.36 -0.1 1 1.0 0.76 0.76 0.16 0.12 0.1 0.12 1.0 1.0 0.44000000000000006 0.44000000000000006 0.44000000000000006 0.45999999999999996 0.45999999999999996 0.8800000000000001 0.76
1.0 0.66 -0.07 1 1.0 0.78 0.78 0.12 0.08 0.08 0.08 1.0 1.0 1.0 0.44000000000000006 0.44000000000000006 0.6 0.5 0.9199999999999999 0.78
0.22 0.66 -0.01 1 1.0 0.82 0.78 0.6 0.06 0.04 0.04 0.02 0.82 1.0 0.44000000000000006 0.44000000000000006 0.48 0.54 1.0 0.76
-0.34 0.6 0.02 1 0.52 0.8800000000000001 0.78 0.6 0.06 0.04 0.04 0.02 0.8 1.0 0.42000000000000004 0.42000000000000004 0.45999999999999996 0.54 0.54 0.86
-0.32 0.4 0.05 1 0.5 0.9400000000000001 0.78 0.62 0.1 0.06 0.06 0.04 0.04 1.0 1.0 0.42000000000000004 0.54 0.54 0.54 1.0
-0.34 0.56 0.08 1 0.5 1.0 0.76 0.76 0.62 0.1 0.06 0.06 0.04 0.86 1.0 0.42000000000000004 0.44000000000000006 0.52 0.52 1.0
-0.34 0.54 0.11 1 0.5 1.0 0.76 0.76 0.64 0.12 0.08 0.06 0.04 0.86 1.0 0.4 0.42000000000000004 0.62 0.52 1.0
-0.32 0.2 0.13 1 0.48 0.5 0.76 0.76 0.64 0.13999999999999999 0.1 0.08 0.06 0.8800000000000001 1.0 0.4 0.42000000000000004 0.6 0.52 1.0
-0.34 -0.02 0.14 1 0.48 0.48 0.86 0.76 0.6599999999999999 0.13999999999999999 0.1 0.1 0.08 0.9 1.0 0.38 0.4 0.58 0.5 1.0
-0.32 -0.02 0.13 1 0.45999999999999996 0.48 0.86 0.78 0.6599999999999999 0.16 0.12 0.12 0.08 1.0 1.0 0.38 0.42000000000000004 0.58 0.48 1.0
-0.34 -0.02 0.13 1 0.45999999999999996 0.45999999999999996 0.86 0.78 0.6799999999999999 0.18 0.12 0.12 0.1 1.0 1.0 0.36 0.38 0.5599999999999999 0.48 1.0
-0.34 -0.02 0.12 1 0.44000000000000006 0.44000000000000006 0.86 0.78 0.7 0.16 0.13999999999999999 0.13999999999999999 0.1 1.0 1.0 0.36 0.36 0.54 0.45999999999999996 1.0
-0.34 -0.0 0.12 1 0.44000000000000006 0.44000000000000006 0.86 0.78 0.7 0.18 0.13999999999999999 0.13999999999999999 0.12 1.0 1.0 0.36 0.36 0.52 0.45999999999999996 1.0
-0.34 -0.02 0.11 1 0.42000000000000004 0.42000000000000004 0.86 0.78 0.72 0.18 0.16 0.16 0.12 1.0 1.0 0.33999999999999997 0.33999999999999997 0.52 0.44000000000000006 1.0
-0.34 -0.02 0.11 1 0.42000000000000004 0.42000000000000004 0.86 0.8 0.72 0.2 0.18 1.0 0.13999999999999999 1.0 1.0 0.33999999999999997 0.32 0.5 0.44000000000000006 0.44000000000000006
-0.34 -0.22 0.1 1 0.4 0.4 0.8800000000000001 0.8 0.74 0.2 0.18 1.0 0.16 1.0 0.33999999999999997 0.33999999999999997 0.32 0.5 0.42000000000000004 0.44000000000000006
-0.28 -0.42 0.08 1 0.38 0.4 0.8800000000000001 0.82 0.76 0.2 0.2 1.0 1.0 1.0 0.33999999999999997 0.33999999999999997 0.3 0.48 0.42000000000000004 1.0
-0.22 -0.56 0.04 1 0.38 1.0 0.8400000000000001 0.8400000000000001 0.27999999999999997 0.2 0.2 1.0 1.0 1.0 0.33999999999999997 0.3 0.3 0.45999999999999996 0.4 1.0
-0.18 -0.4 0.01 1 0.36 1.0 0.8400000000000001 0.8400000000000001 0.26 0.2 0.2 1.0 1.0 1.0 0.33999999999999997 0.3 0.32 0.48 0.4 1.0
-0.18 -0.22 -0.01 1 0.36 1.0 0.8400000000000001 0.78 0.26 0.2 0.2 1.0 1.0 1.0 0.33999999999999997 0.3 0.44000000000000006 1.0 0.38 1.0
-0.2 -0.2 -0.02 1 0.33999999999999997 1.0 0.8400000000000001 0.78 0.24 0.22000000000000003 1.0 1.0 1.0 1.0 0.33999999999999997 0.3 0.42000000000000004 0.38 0.38 1.0
-0.16 -0.0 -0.03 1 0.33999999999999997 1.0 0.8400000000000001 0.78 0.24 0.22000000000000003 1.0 1.0 1.0 1.0 0.36 0.27999999999999997 0.44000000000000006 0.36 0.36 1.0
-0.14 -0.0 -0.03 1 0.33999999999999997 1.0 0.8400000000000001 0.8 0.26 0.22000000000000003 1.0 1.0 1.0 1.0 0.36 0.27999999999999997 0.42000000000000004 0.36 0.36 1.0
0.34 0.26 -0.03 1 0.33999999999999997 1.0 0.8400000000000001 0.8 0.26 0.22000000000000003 1.0 1.0 1.0 1.0 0.36 0.27999999999999997 0.44000000000000006 0.36 0.36 1.0
1.0 0.26 -0.01 1 0.36 1.0 0.8400000000000001 0.78 0.26 0.2 0.2 1.0 1.0 1.0 0.33999999999999997 0.3 0.44000000000000006 1.0 0.38 1.0
1.0 0.36 0.01 1 0.4 1.0 0.82 0.78 0.22000000000000003 0.18 0.18 1.0 1.0 1.0 0.33999999999999997 0.32 0.32 0.48 0.42000000000000004 1.0
1.02 0.56 0.04 1 0.44000000000000006 1.0 0.82 0.82 0.2 0.13999999999999999 0.13999999999999999 1.0 1.0 1.0 0.33999999999999997 0.33999999999999997 0.33999999999999997 0.54 0.45999999999999996 1.0
0.56 0.8 0.08 1 0.48 0.5 0.8 0.8 0.6799999999999999 0.13999999999999999 0.1 0.1 1.0 1.0 1.0 0.36 0.38 0.5599999999999999 0.5 1.0
-0.02 0.6 0.14 1 0.5 0.5 0.8800000000000001 0.78 0.6599999999999999 0.16 0.1 0.08 0.06 0.8800000000000001 0.9400000000000001 0.36 0.36 0.4 0.52 0.52
-0.24 0.66 0.19 1 0.5 0.5 0.9400000000000001 0.78 0.6799999999999999 0.18 0.1 0.08 0.06 0.9 0.9400000000000001 0.36 0.36 0.4 0.5 0.5
-0.18 0.48 0.22 1 0.58 0.5 1.0 0.78 0.78 0.6799999999999999 0.12 0.1 0.08 0.08 0.9400000000000001 1.0 0.33999999999999997 0.38 0.6 0.5
-0.02 0.08 0.24 1 0.5599999999999999 0.5 1.0 0.78 0.78 0.7 0.13999999999999999 0.1 0.08 0.08 0.9199999999999999 0.96 0.33999999999999997 0.4 0.6 0.5
0.02 0.06 0.24 1 0.58 0.5 1.0 0.78 0.78 0.7 0.13999999999999999 0.1 0.08 0.08 0.9199999999999999 0.96 0.33999999999999997 0.4 0.6 0.5
-0.0 -0.0 0.25 1 0.58 0.5 1.0 0.78 0.78 0.7 0.13999999999999999 0.1 0.08 0.08 0.9199999999999999 0.96 0.33999999999999997 0.4 0.6 0.5
-0.04 0.02 0.24 1 0.5599999999999999 0.5 1.0 0.78 0.78 0.7 0.13999999999999999 0.1 0.08 0.08 0.9199999999999999 0.96 0.33999999999999997 0.38 0.6 0.5
-0.04 -0.04 0.25 1 0.5599999999999999 0.5 1.0 0.78 0.78 0.7 0.13999999999999999 0.1 0.08 0.08 0.9199999999999999 0.96 0.33999999999999997 0.38 0.6 0.5
-0.04 -0.0 0.24 1 0.5599999999999999 0.5 1.0 0.78 0.78 0.7 0.13999999999999999 0.1 0.08 0.08 0.9199999999999999 0.96 0.33999999999999997 0.38 0.6 0.5
-0.06 0.0 0.24 1 0.5599999999999999 0.5 1.0 0.78 0.78 0.7 0.13999999999999999 0.1 0.08 0.08 0.9199999999999999 0.96 0.33999999999999997 0.38 0.58 0.5
-0.02 0.02 0.24 1 0.5599999999999999 0.5 1.0 0.78 0.78 0.7 0.13999999999999999 0.1 0.1 0.1 0.9199999999999999 0.96 0.33999999999999997 0.38 0.58 0.48
-0.04 -0.02 0.24 1 0.5599999999999999 0.5 1.0 0.78 0.78 0.7 0.13999999999999999 0.1 0.1 0.1 0.9199999999999999 0.96 0.33999999999999997 0.38 0.58 0.5
-0.04 -0.0 0.24 1 0.5599999999999999 0.5 1.0 0.78 0.78 0.7 0.13999999999999999 0.1 0.1 0.1 0.9199999999999999 0.96 0.33999999999999997 0.38 0.58 0.48
-0.04 -0.02 0.24 1 0.5599999999999999 0.5 1.0 0.8 0.8 0.7 0.13999999999999999 0.1 0.1 0.1 0.9199999999999999 0.96 0.33999999999999997 0.38 0.58 0.48
-0.04 0.02 0.24 1 0.5599999999999999 0.5 1.0 0.8 0.8 0.7 0.13999999999999999 0.1 0.1 0.1 0.9199999999999999 0.96 0.33999999999999997 0.38 0.58 0.48
-0.02 0.0 0.24 1 0.5599999999999999 0.5 1.0 0.8 0.8 0.7 0.13999999999999999 0.1 0.1 0.1 0.9199999999999999 0.96 0.33999999999999997 0.38 0.58 0.48
-0.04 -0.02 0.24 1 0.5599999999999999 0.5 1.0 0.8 0.8 0.7 0.13999999999999999 0.1 0.1 0.1 0.9199999999999999 0.96 0.33999999999999997 0.38 0.5599999999999999 0.48
-0.04 0.04 0.24 1 0.5599999999999999 0.5 1.0 0.8 0.8 0.7 0.13999999999999999 0.1 0.1 0.1 0.9199999999999999 0.96 0.33999999999999997 0.38 0.58 0.48
-0.02 0.02 0.24 1 0.5599999999999999 0.5 1.0 0.8 0.8 0.72 0.13999999999999999 0.1 0.1 0.1 0.9199999999999999 0.96 0.33999999999999997 0.38 0.58 0.48
-0.04 0.0 0.24 1 0.5599999999999999 0.5 1.0 0.8 0.8 0.72 0.13999999999999999 0.1 0.1 0.1 0.9199999999999999 0.96 0.33999999999999997 0.36 0.58 0.48
-0.02 -0.02 0.24 1 0.5599999999999999 0.5 1.0 0.8 0.8 0.72 0.13999999999999999 0.1 0.1 0.1 0.9199999999999999 0.96 0.32 0.36 0.58 0.48
-0.02 -0.06 0.24 1 0.5599999999999999 0.5 1.0 0.8 0.8 0.72 0.13999999999999999 0.1 0.1 0.1 0.9199999999999999 0.96 0.32 0.36 0.58 0.48
-0.04 -0.02 0.23 1 0.5599999999999999 0.5 1.0 0.8 0.8 0.72 0.13999999999999999 0.1 0.1 0.1 0.9199999999999999 0.96 0.32 0.36 0.58 0.48
-0.04 0.02 0.23 1 0.54 0.5 1.0 0.8 0.8 0.72 0.13999999999999999 0.1 0.1 0.1 0.9199999999999999 1.0 0.32 0.36 0.58 0.48
-0.04 -0.12 0.23 1 0.54 0.5 1.0 0.8 0.8 0.72 0.13999999999999999 0.1 0.1 0.12 0.9199999999999999 1.0 0.32 0.36 0.58 0.48
-0.04 -0.04 0.23 1 0.54 0.5 1.0 0.8 0.8 0.72 0.13999999999999999 0.12 0.1 0.12 0.9199999999999999 1.0 0.32 0.36 0.58 0.48
-0.02 0.02 0.23 1 0.54 0.48 1.0 0.8 0.8 0.72 0.13999999999999999 0.12 0.1 0.12 0.9199999999999999 1.0 0.32 0.36 0.5599999999999999 0.48
-0.04 0.02 0.23 1 0.54 0.48 1.0 0.8 0.8 0.72 0.13999999999999999 0.12 0.1 0.9199999999999999 0.9199999999999999 1.0 0.32 0.36 0.5599999999999999 0.48
-0.04 -0.0 0.23 1 0.54 0.48 1.0 0.8 0.8 0.72 0.13999999999999999 0.12 0.1 0.9199999999999999 0.9199999999999999 1.0 0.32 0.36 0.5599999999999999 0.48
-0.02 0.08 0.23 1 0.54 0.48 1.0 0.8 0.8 0.72 0.13999999999999999 0.12 0.1 0.12 0.9199999999999999 1.0 0.32 0.36 0.5599999999999999 0.48
-0.04 -0.0 0.23 1 0.54 0.48 1.0 0.8 0.8 0.72 0.13999999999999999 0.12 0.1 0.9199999999999999 0.9400000000000001 1.0 0.32 0.36 0.5599999999999999 0.48
-0.04 0.0 0.23 1 0.54 0.48 1.0 0.8 0.8 0.72 0.13999999999999999 0.12 0.1 0.9199999999999999 0.9400000000000001 1.0 0.32 0.36 0.5599999999999999 0.48
-0.04 0.0 0.24 1 0.54 0.48 1.0 0.8 0.8 0.72 0.13999999999999999 0.12 0.12 0.9199999999999999 0.9400000000000001 1.0 0.32 0.33999999999999997 0.5599999999999999 0.48
-0.06 0.0 0.24 1 0.54 0.48 1.0 0.82 0.82 0.74 0.13999999999999999 0.12 0.12 0.9199999999999999 0.9400000000000001 1.0 0.32 0.33999999999999997 0.5599999999999999 0.48
-0.04 -0.02 0.24 1 0.54 0.48 1.0 0.82 0.82 0.74 0.13999999999999999 0.12 0.12 0.9199999999999999 0.9400000000000001 1.0 0.3 0.33999999999999997 0.5599999999999999 0.45999999999999996
-0.06 -0.2 0.23 1 0.52 0.48 1.0 0.82 0.82 0.24 0.13999999999999999 0.12 0.12 0.9199999999999999 0.9400000000000001 1.0 0.3 0.33999999999999997 0.54 0.48
-0.06 -0.3 0.21 1 0.52 0.48 1.0 0.82 0.82 0.22000000000000003 0.13999999999999999 0.13999999999999999 0.12 0.9199999999999999 0.9400000000000001 1.0 0.3 0.33999999999999997 0.54 0.48
-0.08 -0.32 0.19 1 0.52 0.48 1.0 0.82 0.74 0.22000000000000003 0.13999999999999999 0.13999999999999999 0.12 0.9400000000000001 0.9400000000000001 0.3 0.3 0.33999999999999997 0.54 0.48
-0.1 -0.44 0.16 1 0.5 0.45999999999999996 0.9800000000000001 0.82 0.74 0.18 0.13999999999999999 0.13999999999999999 0.1 1.0 0.9400000000000001 0.3 0.3 0.32 0.48 0.48
-0.12 -0.56 0.13 1 0.45999999999999996 0.45999999999999996 0.9199999999999999 0.8400000000000001 0.74 0.18 0.13999999999999999 0.9400000000000001 0.12 0.9400000000000001 0.9400000000000001 0.3 0.32 0.32 0.48 0.48
-0.1 -0.98 0.08 1 0.45999999999999996 0.45999999999999996 0.9199999999999999 0.8400000000000001 0.24 0.16 0.13999999999999999 1.0 1.0 0.9400000000000001 1.0 0.3 0.32 0.52 0.48 1.0
-0.08 -1.0 0.01 1 0.44000000000000006 1.0 0.86 0.76 0.18 0.13999999999999999 0.13999999999999999 1.0 1.0 1.0 0.32 0.3 0.3 0.5 0.45999999999999996 1.0
-0.1 -0.96 -0.04 1 0.42000000000000004 1.0 0.86 0.76 0.13999999999999999 0.13999999999999999 0.9199999999999999 1.0 1.0 1.0 0.32 0.3 0.32 0.45999999999999996 0.45999999999999996 1.0
-0.12 -0.64 -0.11 1 0.42000000000000004 0.9400000000000001 0.8800000000000001 0.22000000000000003 0.13999999999999999 0.13999999999999999 0.9400000000000001 1.0 1.0 1.0 0.32 0.32 0.48 0.44000000000000006 0.45999999999999996 1.0
-0.14 -0.6 -0.14 1 1.0 0.8800000000000001 0.8800000000000001 0.18 0.13999999999999999 0.9199999999999999 0.9400000000000001 1.0 1.0 0.32 0.32 0.32 0.48 0.44000000000000006 1.0 0.86
-0.12 -0.54 -0.18 1 1.0 0.8800000000000001 0.78 0.16 0.13999999999999999 0.9199999999999999 0.9400000000000001 1.0 1.0 0.32 0.32 0.32 0.48 0.42000000000000004 1.0 0.8800000000000001
-0.04 -0.32 -0.2 1 1.0 0.8800000000000001 0.78 0.16 0.13999999999999999 0.9199999999999999 0.9400000000000001 1.0 1.0 0.32 0.32 0.33999999999999997 0.42000000000000004 0.42000000000000004 0.9400000000000001 0.86
0.58 -0.18 -0.23 1 1.0 0.8800000000000001 0.24 0.13999999999999999 0.13999999999999999 0.9199999999999999 0.96 0.6599999999999999 1.0 0.32 0.32 0.48 0.42000000000000004 0.42000000000000004 0.9400000000000001 0.8800000000000001
0.9 0.0 -0.24 1 1.0 0.8800000000000001 0.2 0.12 0.12 0.8800000000000001 0.9199999999999999 1.0 1.0 0.32 0.32 0.36 0.44000000000000006 0.44000000000000006 1.0 0.9
1.0 0.02 -0.26 1 1.0 0.9199999999999999 0.12 0.1 0.8400000000000001 0.8400000000000001 0.8800000000000001 1.0 1.0 0.3 0.33999999999999997 0.33999999999999997 0.48 0.48 0.9199999999999999 0.9199999999999999
1.0 0.02 -0.27 1 1.0 1.0 0.08 0.1 0.8 0.8 0.82 1.0 1.0 0.3 0.3 0.33999999999999997 0.52 0.52 1.0 1.0
1.0 0.26 -0.27 1 1.0 1.0 0.08 0.6799999999999999 0.76 0.78 0.78 1.0 0.78 0.27999999999999997 0.27999999999999997 0.36 0.5599999999999999 0.5599999999999999 1.0 1.0
1.0 0.3 -0.25 1 1.0 0.08 0.08 0.6799999999999999 0.74 0.74 0.76 1.0 0.72 1.0 0.27999999999999997 0.38 0.62 0.62 1.0 1.0
1.0 0.3 -0.24 1 1.0 0.08 0.12 0.6599999999999999 0.7 0.7 0.72 1.0 0.7 1.0 0.27999999999999997 0.27999999999999997 0.4 0.6599999999999999 1.0 1.0
1.0 0.28 -0.23 1 1.0 0.08 0.18 0.64 0.6599999999999999 0.6599999999999999 0.6799999999999999 1.0 0.6599999999999999 1.0 0.27999999999999997 0.27999999999999997 0.42000000000000004 0.7 1.0 1.0
1.0 0.26 -0.21 1 0.08 0.08 0.22000000000000003 0.62 0.62 0.62 0.6599999999999999 1.0 0.64 0.6599999999999999 0.62 0.3 0.45999999999999996 0.74 1.0 1.0
1.0 0.26 -0.19 1 0.1 0.1 0.24 0.6 0.6 0.58 0.62 1.0 0.6 0.6 1.0 0.32 0.48 0.78 1.0 0.08
1.0 0.24 -0.18 1 0.12 0.12 0.26 0.58 0.5599999999999999 0.54 0.6 0.6 0.58 0.58 1.0 0.33999999999999997 0.33999999999999997 0.78 1.0 0.12
1.0 0.24 -0.16 1 0.13999999999999999 0.13999999999999999 0.74 0.5599999999999999 0.52 0.5 0.5599999999999999 0.5599999999999999 0.5599999999999999 0.5599999999999999 1.0 0.45999999999999996 0.38 0.82 0.86 0.13999999999999999
1.0 -0.02 -0.15 1 0.16 0.16 0.74 0.54 0.48 0.48 0.54 0.54 0.54 0.54 1.0 0.5 0.5 0.6 0.2 0.18
1.0 -0.02 -0.15 1 0.2 0.2 0.74 0.52 0.44000000000000006 0.42000000000000004 0.52 0.52 0.5599999999999999 0.52 1.0 0.52 0.44000000000000006 0.64 0.22000000000000003 0.22000000000000003
1.0 -0.0 -0.14 1 0.22000000000000003 0.24 0.52 0.52 0.4 0.4 0.52 0.48 1.0 0.5 1.0 0.72 0.48 0.6799999999999999 0.26 0.26
1.0 0.0 -0.13 1 0.26 0.3 0.5 0.5 0.36 0.33999999999999997 1.0 0.45999999999999996 1.0 0.45999999999999996 1.0 0.76 0.5 0.7 0.27999999999999997 0.3
1.0 0.2 -0.12 1 0.3 0.32 0.5 0.5 0.32 0.3 1.0 0.44000000000000006 1.0 0.45999999999999996 1.0 0.78 0.54 0.74 0.32 0.33999999999999997
1.0 0.3 -0.1 1 0.32 0.36 0.48 0.48 0.3 0.26 0.26 0.45999999999999996 1.0 0.44000000000000006 0.45999999999999996 0.82 0.58 0.8 0.36 0.38
1.0 0.34 -0.08 1 0.36 0.38 0.48 0.48 0.78 0.22000000000000003 0.22000000000000003 1.0 1.0 0.42000000000000004 0.42000000000000004 1.0 0.62 0.62 0.4 0.42000000000000004
1.0 0.48 -0.04 1 0.4 0.42000000000000004 0.45999999999999996 0.45999999999999996 0.74 0.2 0.2 1.0 1.0 0.44000000000000006 0.42000000000000004 1.0 0.6599999999999999 0.6599999999999999 0.44000000000000006 0.44000000000000006
1.0 0.5 -0.0 1 0.44000000000000006 0.44000000000000006 0.45999999999999996 0.45999999999999996 0.72 0.16 0.16 1.0 0.13999999999999999 1.0 0.42000000000000004 1.0 0.8 0.72 0.45999999999999996 0.48
0.74 0.62 0.04 1 0.48 0.48 0.44000000000000006 0.44000000000000006 0.7 0.13999999999999999 0.12 0.12 0.1 1.0 0.42000000000000004 0.42000000000000004 0.96 0.76 0.5 0.5
-0.04 0.48 0.09 1 0.5 0.5 0.42000000000000004 0.42000000000000004 0.6799999999999999 1.0 0.12 0.1 0.08 0.1 0.42000000000000004 0.42000000000000004 1.0 0.78 0.5 0.5
0.2 -0.18 0.11 1 0.5 0.5 0.7 0.42000000000000004 0.6799999999999999 1.0 0.12 0.1 0.08 0.1 0.44000000000000006 0.42000000000000004 1.0 0.78 0.5 0.5
0.52 -0.3 0.1 1 0.5 0.5 0.42000000000000004 0.42000000000000004 0.6599999999999999 1.0 0.1 0.1 0.08 0.1 0.44000000000000006 0.42000000000000004 1.0 0.8 0.52 0.52
0.4 -0.18 0.09 1 0.52 0.52 0.42000000000000004 0.42000000000000004 0.64 1.0 0.08 0.08 0.06 0.08 0.44000000000000006 0.44000000000000006 1.0 0.8 0.52 0.52
0.1 0.02 0.08 1 0.52 0.52 0.42000000000000004 0.42000000000000004 0.64 1.0 0.08 0.08 0.06 0.08 0.44000000000000006 0.44000000000000006 1.0 0.82 0.54 0.54
0.04 -0.0 0.08 1 0.52 0.52 0.42000000000000004 0.42000000000000004 0.64 1.0 0.08 0.06 0.04 0.08 0.44000000000000006 0.44000000000000006 1.0 0.82 0.54 0.54
0.04 -0.0 0.08 1 0.52 0.52 0.42000000000000004 0.42000000000000004 0.64 1.0 0.06 0.06 0.04 0.08 0.44000000000000006 0.44000000000000006 1.0 0.82 0.54 0.54
-0.02 0.0 0.09 1 0.52 0.52 0.42000000000000004 0.42000000000000004 0.64 1.0 0.08 0.06 0.04 0.08 0.44000000000000006 0.44000000000000006 1.0 0.82 0.54 0.54
-0.04 0.0 0.08 1 0.52 0.52 0.42000000000000004 0.42000000000000004 0.64 1.0 0.08 0.06 0.04 0.08 0.44000000000000006 0.44000000000000006 1.0 0.82 0.54 0.54
-0.06 0.04 0.08 1 0.52 0.52 0.42000000000000004 0.42000000000000004 0.64 1.0 0.08 0.06 0.04 0.08 0.44000000000000006 0.44000000000000006 1.0 0.82 0.54 0.54
-0.06 -0.02 0.08 1 0.52 0.52 0.42000000000000004 0.42000000000000004 0.64 1.0 0.08 0.08 0.04 0.08 0.44000000000000006 0.44000000000000006 1.0 0.82 0.54 0.54
-0.06 -0.02 0.08 1 0.52 0.52 0.42000000000000004 0.42000000000000004 0.64 1.0 0.08 0.08 0.06 0.08 0.44000000000000006 0.44000000000000006 1.0 0.82 0.54 0.54
-0.06 0.02 0.08 1 0.52 0.52 0.42000000000000004 0.42000000000000004 0.64 1.0 0.08 0.08 0.06 0.08 0.44000000000000006 0.44000000000000006 1.0 0.8 0.52 0.52
-0.06 0.0 0.08 1 0.52 0.52 0.42000000000000004 0.42000000000000004 0.64 1.0 0.08 0.08 0.06 0.08 0.44000000000000006 0.44000000000000006 1.0 0.8 0.52 0.52
-0.06 0.0 0.08 1 0.52 0.52 0.42000000000000004 0.42000000000000004 0.6599999999999999 1.0 0.1 0.08 0.06 0.08 0.44000000000000006 0.44000000000000006 1.0 0.8 0.52 0.52
-0.06 -0.0 0.08 1 0.52 0.52 0.42000000000000004 0.42000000000000004 0.64 1.0 0.1 0.08 0.06 1.0 0.44000000000000006 0.44000000000000006 1.0 0.8 0.52 0.52
-0.06 0.02 0.08 1 0.52 0.52 0.42000000000000004 0.42000000000000004 0.6599999999999999 1.0 0.1 0.08 0.06 1.0 0.44000000000000006 0.42000000000000004 1.0 0.8 0.52 0.52
-0.06 -0.02 0.08 1 0.5 0.5 0.42000000000000004 0.42000000000000004 0.6599999999999999 1.0 0.1 0.08 0.06 1.0 0.44000000000000006 0.42000000000000004 1.0 0.8 0.52 0.52
-0.08 0.02 0.08 1 0.5 0.5 0.42000000000000004 0.42000000000000004 0.6599999999999999 1.0 0.1 0.08 0.06 1.0 0.42000000000000004 0.42000000000000004 1.0 0.8 0.52 0.52
-0.1 -0.02 0.08 1 0.5 0.5 0.42000000000000004 0.42000000000000004 0.6599999999999999 1.0 0.1 0.08 0.08 1.0 0.42000000000000004 0.42000000000000004 1.0 0.78 0.52 0.52
-0.14 -0.24 0.07 1 0.5 0.5 0.42000000000000004 0.42000000000000004 0.6799999999999999 1.0 0.1 0.1 0.08 1.0 0.42000000000000004 0.42000000000000004 1.0 0.78 0.52 0.52
-0.14 -0.22 0.06 1 0.5 0.5 0.42000000000000004 0.42000000000000004 0.6799999999999999 0.12 0.12 0.1 0.08 1.0 0.42000000000000004 0.42000000000000004 1.0 0.78 0.52 0.52
-0.14 -0.26 0.04 1 0.48 0.48 0.44000000000000006 0.44000000000000006 0.6799999999999999 0.12 0.1 0.1 0.08 1.0 0.42000000000000004 0.42000000000000004 0.8400000000000001 0.76 0.5 0.5
-0.2 -0.26 0.02 1 0.48 0.48 0.44000000000000006 0.45999999999999996 0.6799999999999999 0.12 0.12 0.12 0.08 1.0 0.42000000000000004 0.44000000000000006 0.86 0.76 0.5 0.5
-0.22 -0.38 -0.0 1 0.45999999999999996 0.48 0.44000000000000006 0.7 0.7 0.12 0.12 0.12 0.1 1.0 0.44000000000000006 1.0 0.74 0.74 0.48 0.5
-0.3 -0.48 -0.03 1 0.45999999999999996 0.48 0.44000000000000006 0.7 1.0 0.13999999999999999 0.12 1.0 1.0 1.0 0.44000000000000006 1.0 0.74 0.74 0.48 0.72
-0.24 -0.7 -0.06 1 0.44000000000000006 0.72 0.44000000000000006 0.7 0.16 0.13999999999999999 0.13999999999999999 1.0 1.0 0.44000000000000006 0.44000000000000006 1.0 0.72 0.45999999999999996 0.45999999999999996 0.7
-0.18 -0.42 -0.14 1 0.42000000000000004 0.45999999999999996 0.45999999999999996 0.72 0.13999999999999999 0.13999999999999999 0.13999999999999999 1.0 1.0 0.44000000000000006 0.44000000000000006 0.9400000000000001 0.72 0.45999999999999996 0.45999999999999996 0.7
-0.16 -0.28 -0.16 1 0.42000000000000004 0.45999999999999996 0.45999999999999996 0.72 0.13999999999999999 0.13999999999999999 0.13999999999999999 0.45999999999999996 1.0 0.44000000000000006 0.44000000000000006 0.82 0.72 0.44000000000000006 0.44000000000000006 0.44000000000000006
-0.18 -0.24 -0.17 1 0.42000000000000004 0.45999999999999996 0.45999999999999996 0.72 0.16 0.13999999999999999 0.16 0.44000000000000006 1.0 0.44000000000000006 1.0 0.78 0.7 0.44000000000000006 0.44000000000000006 0.42000000000000004
-0.18 0.0 -0.18 1 0.42000000000000004 0.45999999999999996 0.45999999999999996 0.74 0.16 0.16 1.0 0.44000000000000006 1.0 0.44000000000000006 1.0 0.82 0.7 0.42000000000000004 0.44000000000000006 0.42000000000000004
-0.12 -0.0 -0.13 1 0.4 0.44000000000000006 0.44000000000000006 0.74 0.16 0.16 1.0 0.44000000000000006 1.0 0.45999999999999996 1.0 0.78 0.7 0.42000000000000004 0.44000000000000006 0.42000000000000004
0.3 0.42 -0.13 1 0.4 0.45999999999999996 0.45999999999999996 0.74 0.16 0.16 0.18 0.44000000000000006 1.0 0.45999999999999996 1.0 0.78 0.7 0.42000000000000004 0.44000000000000006 0.42000000000000004
0.6 0.6 -0.1 1 0.42000000000000004 0.45999999999999996 0.45999999999999996 0.72 0.13999999999999999 0.13999999999999999 0.13999999999999999 1.0 1.0 0.44000000000000006 0.44000000000000006 0.9 0.7 0.44000000000000006 0.44000000000000006 0.7
0.92 0.74 -0.06 1 0.44000000000000006 0.74 0.45999999999999996 0.7 0.13999999999999999 0.12 0.12 1.0 1.0 0.44000000000000006 0.44000000000000006 0.9199999999999999 0.74 0.48 0.48 0.7
1.0 0.8 -0.02 1 0.5 0.5 0.45999999999999996 0.6799999999999999 1.0 0.1 0.08 0.08 1.0 1.0 0.42000000000000004 1.0 0.78 0.78 0.52 0.72
0.38 0.86 0.03 1 0.52 0.54 0.44000000000000006 0.6599999999999999 0.6599999999999999 0.08 0.06 0.04 0.02 1.0 0.42000000000000004 0.42000000000000004 0.9199999999999999 0.82 0.5599999999999999 0.5599999999999999
-0.16 0.8 0.08 1 0.54 0.54 0.44000000000000006 0.44000000000000006 0.64 1.0 0.06 0.04 0.02 1.0 0.44000000000000006 0.42000000000000004 1.0 0.82 0.5599999999999999 0.5599999999999999
-0.1 0.44 0.12 1 0.54 0.54 0.42000000000000004 0.42000000000000004 0.64 1.0 0.06 0.06 0.04 0.04 1.0 0.42000000000000004 1.0 0.82 0.5599999999999999 0.54
0.18 0.06 0.14 1 0.8 0.5599999999999999 0.42000000000000004 0.42000000000000004 0.64 1.0 0.06 0.06 0.04 0.04 1.0 0.42000000000000004 1.0 0.8400000000000001 0.5599999999999999 0.54
0.0 0.08 0.14 1 0.82 0.5599999999999999 0.42000000000000004 0.42000000000000004 0.64 1.0 0.06 0.04 0.04 0.04 1.0 0.42000000000000004 0.44000000000000006 0.8400000000000001 0.5599999999999999 0.54
0.0 -0.06 0.14 1 0.82 0.5599999999999999 0.42000000000000004 0.42000000000000004 0.64 1.0 0.06 0.04 0.02 0.04 1.0 0.42000000000000004 0.44000000000000006 0.8400000000000001 0.5599999999999999 0.54
-0.04 -0.0 0.14 1 0.82 0.5599999999999999 0.42000000000000004 0.42000000000000004 0.64 1.0 0.06 0.06 0.04 0.04 1.0 0.42000000000000004 1.0 0.8400000000000001 0.5599999999999999 0.54
-0.04 -0.02 0.14 1 0.82 0.5599999999999999 0.42000000000000004 0.42000000000000004 0.64 1.0 0.06 0.06 0.04 0.04 1.0 0.42000000000000004 1.0 0.8400000000000001 0.5599999999999999 0.54
-0.04 0.02 0.14 1 0.8 0.5599999999999999 0.42000000000000004 0.42000000000000004 0.64 1.0 0.06 0.06 0.04 0.04 1.0 0.42000000000000004 1.0 0.8400000000000001 0.5599999999999999 0.54
-0.06 0.02 0.14 1 0.82 0.5599999999999999 0.44000000000000006 0.42000000000000004 0.6599999999999999 1.0 0.06 0.06 0.04 0.04 1.0 0.42000000000000004 1.0 0.8400000000000001 0.5599999999999999 0.54
-0.06 -0.02 0.14 1 0.8 0.5599999999999999 0.44000000000000006 0.42000000000000004 0.6599999999999999 1.0 0.06 0.06 0.04 0.04 1.0 0.4 1.0 0.82 0.5599999999999999 0.54
-0.06 0.02 0.14 1 0.8 0.54 0.72 0.42000000000000004 0.6599999999999999 1.0 0.06 0.06 0.04 0.06 1.0 0.4 1.0 0.82 0.5599999999999999 0.54
-0.06 0.02 0.14 1 0.8 0.54 0.72 0.44000000000000006 0.6599999999999999 1.0 0.08 0.06 0.04 0.06 1.0 0.4 1.0 0.82 0.5599999999999999 0.54
-0.08 0.0 0.14 1 0.8 0.54 0.72 0.44000000000000006 0.6599999999999999 1.0 0.08 0.06 0.04 0.06 1.0 0.4 1.0 0.82 0.54 0.54
-0.06 0.02 0.14 1 0.8 0.54 0.72 0.44000000000000006 0.6599999999999999 1.0 0.08 0.06 0.04 0.06 1.0 0.4 1.0 0.82 0.54 0.54
-0.08 0.02 0.14 1 0.8 0.54 0.72 0.44000000000000006 0.6599999999999999 1.0 0.08 0.06 0.04 0.06 1.0 0.4 1.0 0.82 0.54 0.54
-0.08 -0.0 0.14 1 0.78 0.54 0.72 0.44000000000000006 0.6599999999999999 1.0 0.08 0.06 0.04 0.06 1.0 0.4 1.0 0.82 0.54 0.54
-0.08 0.0 0.14 1 0.78 0.54 0.72 0.44000000000000006 0.6599999999999999 1.0 0.08 0.08 0.06 0.06 1.0 0.4 1.0 0.82 0.54 0.54
-0.08 -0.0 0.14 1 0.78 0.54 0.72 0.44000000000000006 0.6799999999999999 1.0 0.08 0.08 0.06 0.06 1.0 0.4 1.0 0.82 0.54 0.54
-0.06 0.02 0.14 1 0.78 0.54 0.72 0.44000000000000006 0.6799999999999999 1.0 0.1 0.08 0.06 0.06 1.0 0.4 1.0 0.8 0.54 0.52
-0.08 -0.0 0.13 1 0.78 0.54 0.72 0.44000000000000006 0.6799999999999999 1.0 0.1 0.08 0.06 0.08 1.0 0.4 1.0 0.8 0.54 0.52
-0.08 -0.0 0.13 1 0.78 0.54 0.72 0.44000000000000006 0.6799999999999999 1.0 0.1 0.08 0.06 0.08 1.0 0.4 1.0 0.8 0.54 0.52
-0.06 -0.0 0.13 1 0.78 0.52 0.72 0.44000000000000006 0.6799999999999999 1.0 0.1 0.08 0.06 0.08 1.0 0.38 1.0 0.8 0.54 0.52
-0.06 0.02 0.13 1 0.78 0.54 0.54 0.44000000000000006 0.6799999999999999 1.0 0.1 0.08 0.06 0.08 1.0 0.38 1.0 0.8 0.54 0.52
-0.06 0.0 0.13 1 0.78 0.54 0.54 0.44000000000000006 0.7 1.0 0.1 0.08 0.06 0.08 1.0 0.38 1.0 0.8 0.52 0.52
-0.06 -0.0 0.13 1 0.78 0.52 0.54 0.44000000000000006 0.6799999999999999 1.0 0.1 0.08 0.06 0.08 1.0 0.38 1.0 0.8 0.52 0.52
-0.08 0.02 0.13 1 0.76 0.52 0.54 0.44000000000000006 0.6799999999999999 1.0 0.1 0.08 0.06 0.08 1.0 0.38 1.0 0.8 0.52 0.52
-0.06 -0.02 0.13 1 0.76 0.52 0.54 0.44000000000000006 0.7 1.0 0.1 0.08 0.06 0.1 1.0 0.38 1.0 0.78 0.52 0.52
-0.06 -0.0 0.13 1 0.76 0.52 0.54 0.44000000000000006 0.7 1.0 0.1 0.08 0.06 0.1 1.0 0.38 1.0 0.78 0.54 0.52
-0.06 0.02 0.13 1 0.76 0.52 0.54 0.45999999999999996 0.7 1.0 0.1 0.08 0.08 0.1 1.0 0.38 1.0 0.78 0.78 0.52
-0.06 0.02 0.13 1 0.76 0.52 0.54 0.45999999999999996 0.7 1.0 0.12 0.08 0.08 1.0 1.0 0.38 1.0 0.78 0.78 0.52
-0.06 0.0 0.13 1 0.76 0.52 0.54 0.45999999999999996 0.7 1.0 0.12 0.08 0.08 1.0 1.0 0.38 1.0 0.78 0.78 0.52
-0.06 -0.02 0.13 1 0.8 0.52 0.54 0.45999999999999996 0.7 1.0 0.12 0.08 0.08 1.0 1.0 0.38 1.0 0.78 0.78 0.52
-0.08 0.0 0.13 1 0.8 0.52 0.54 0.45999999999999996 0.7 1.0 0.12 0.1 0.08 1.0 1.0 0.38 1.0 0.78 0.78 0.52
-0.1 -0.0 0.13 1 0.78 0.52 0.54 0.45999999999999996 0.7 1.0 0.12 0.1 0.08 1.0 1.0 0.38 1.0 0.78 0.78 0.52
-0.12 -0.0 0.13 1 0.78 0.52 0.54 0.45999999999999996 0.72 1.0 0.12 0.1 0.08 1.0 1.0 0.38 1.0 0.76 0.76 0.5
-0.12 0.0 0.13 1 0.76 0.5 0.52 0.45999999999999996 0.72 1.0 0.12 0.1 0.08 1.0 1.0 0.36 1.0 0.76 0.76 0.5
-0.12 -0.0 0.12 1 0.76 0.5 0.52 0.45999999999999996 0.72 1.0 0.12 0.1 0.1 1.0 0.4 0.36 1.0 0.76 0.76 0.5
-0.12 0.0 0.12 1 0.76 0.5 0.52 0.45999999999999996 0.72 1.0 0.13999999999999999 0.12 0.1 1.0 0.4 0.36 1.0 0.76 0.76 0.5
-0.12 -0.02 0.12 1 0.74 0.5 0.52 0.45999999999999996 0.72 1.0 0.13999999999999999 0.12 0.1 1.0 0.4 0.36 1.0 0.76 0.76 0.5
-0.12 0.0 0.12 1 0.74 0.5 0.52 0.45999999999999996 0.74 1.0 0.12 0.12 0.1 1.0 0.38 0.36 1.0 0.76 0.76 0.5
-0.12 -0.02 0.1 1 0.74 0.5 0.52 0.48 0.74 0.18 0.13999999999999999 0.13999999999999999 0.1 1.0 0.38 0.36 1.0 0.76 0.76 0.5
-0.14 -0.0 0.1 1 0.74 0.5 0.52 0.48 0.74 1.0 0.13999999999999999 0.13999999999999999 0.12 1.0 0.38 0.36 1.0 0.74 0.74 0.5
-0.14 -0.0 0.1 1 0.74 0.5 0.52 0.48 0.74 0.18 0.13999999999999999 0.13999999999999999 0.12 1.0 0.38 0.36 1.0 0.74 0.74 0.48
-0.14 -0.28 0.09 1 0.7 0.5 0.52 0.48 0.76 0.18 0.13999999999999999 0.13999999999999999 0.12 1.0 0.36 0.33999999999999997 1.0 0.74 0.74 0.48
-0.2 -0.2 0.07 1 0.7 0.48 0.52 0.48 0.76 0.18 0.16 0.16 0.12 1.0 0.33999999999999997 0.33999999999999997 1.0 0.72 0.72 0.48
-0.2 -0.32 0.06 1 0.7 0.48 0.52 0.5 0.78 0.18 0.16 0.16 0.13999999999999999 1.0 0.33999999999999997 0.33999999999999997 0.8800000000000001 0.72 0.72 0.48
-0.22 -0.34 0.04 1 0.8 0.45999999999999996 0.78 0.5 0.78 0.18 0.18 1.0 0.13999999999999999 1.0 0.33999999999999997 0.33999999999999997 0.86 0.72 0.48 0.48
-0.22 -0.54 0.01 1 0.45999999999999996 0.45999999999999996 0.5 0.5 0.78 0.18 0.18 1.0 1.0 1.0 0.36 1.0 0.8400000000000001 0.6799999999999999 0.48 0.48
-0.18 -0.76 -0.03 1 0.44000000000000006 0.44000000000000006 0.52 0.52 0.22000000000000003 0.18 0.18 1.0 1.0 0.4 0.36 1.0 0.74 0.6799999999999999 0.45999999999999996 0.45999999999999996
-0.14 -0.42 -0.07 1 0.44000000000000006 0.44000000000000006 0.52 0.5599999999999999 0.2 0.18 0.18 1.0 1.0 0.36 0.36 1.0 0.6599999999999999 0.6599999999999999 0.45999999999999996 0.48
-0.08 0.06 -0.08 1 0.42000000000000004 0.45999999999999996 0.52 0.8 0.2 0.18 1.0 1.0 1.0 0.36 0.36 1.0 0.6599999999999999 0.6599999999999999 0.45999999999999996 0.48
0.26 0.06 -0.08 1 0.42000000000000004 0.44000000000000006 0.52 0.8 0.2 0.18 1.0 1.0 1.0 0.36 0.36 1.0 0.6599999999999999 0.6599999999999999 0.45999999999999996 0.48
0.44 -0.02 -0.08 1 0.44000000000000006 0.45999999999999996 0.52 0.8 0.2 0.16 1.0 1.0 1.0 0.36 0.36 1.0 0.6799999999999999 0.6799999999999999 0.45999999999999996 0.5
0.98 0.3 -0.08 1 0.45999999999999996 0.48 0.52 0.78 0.16 0.13999999999999999 0.16 1.0 1.0 0.36 0.36 1.0 0.7 0.7 0.5 0.52
1.0 0.54 -0.06 1 0.5 0.5 0.52 0.76 0.13999999999999999 0.1 0.1 1.0 1.0 1.0 0.36 1.0 0.8 0.76 0.52 0.54
1.0 0.56 -0.03 1 0.54 0.54 0.52 0.5599999999999999 0.1 0.08 0.06 0.06 1.0 1.0 0.33999999999999997 0.33999999999999997 0.9400000000000001 0.8 0.5599999999999999 0.58
0.48 0.78 0.01 1 0.58 0.58 0.5 0.52 0.7 0.06 0.04 0.02 1.0 1.0 0.36 0.36 0.9800000000000001 0.8400000000000001 0.58 0.58
0.06 0.2 0.07 1 1.0 0.58 0.5 0.5 0.7 0.06 0.04 0.02 1.0 1.0 1.0 0.36 1.0 0.86 0.6 0.6
0.0 0.0 0.07 1 1.0 0.6 0.5 0.5 0.7 0.06 0.04 0.02 0.0 1.0 1.0 0.36 1.0 0.86 0.6 0.6
0.0 0.0 0.07 1 1.0 0.58 0.5 0.5 0.7 0.06 0.04 0.02 0.0 1.0 1.0 0.36 1.0 0.86 0.6 0.6
0.0 0.0 0.07 1 1.0 0.6 0.5 0.5 0.7 0.06 0.04 0.02 0.0 1.0 1.0 0.36 1.0 0.86 0.6 0.6
0.0 0.0 0.07 1 1.0 0.58 0.5 0.5 0.7 0.06 0.04 0.02 0.0 1.0 1.0 0.36 1.0 0.86 0.6 0.6
0.0 0.0 0.07 1 1.0 0.58 0.5 0.5 0.7 0.06 0.04 0.02 0.0 1.0 1.0 0.36 1.0 0.86 0.6 0.6
-0.22 -0.02 0.07 1 1.0 0.58 0.5 0.5 0.7 0.06 0.04 0.02 0.02 1.0 1.0 0.33999999999999997 1.0 0.86 0.6 0.6
-0.34 0.02 0.07 1 0.8400000000000001 0.58 0.5 0.5 0.7 0.08 0.04 0.02 1.0 1.0 1.0 0.33999999999999997 1.0 0.8400000000000001 0.58 0.58
-0.34 0.02 0.07 1 0.8 0.58 0.5 0.5 0.72 0.08 0.06 0.04 1.0 1.0 1.0 0.33999999999999997 1.0 0.8400000000000001 0.58 0.58
-0.34 -0.0 0.06 1 0.8 0.5599999999999999 0.5 0.5 0.72 0.1 0.06 0.06 1.0 1.0 1.0 0.33999999999999997 1.0 0.8 0.5599999999999999 0.5599999999999999
-0.34 -0.0 0.06 1 0.78 0.5599999999999999 0.52 0.52 0.74 0.12 0.08 0.08 1.0 1.0 0.33999999999999997 0.32 1.0 0.78 0.5599999999999999 0.5599999999999999
-0.34 -0.02 0.06 1 0.76 0.54 0.58 0.52 0.76 0.12 0.08 0.1 1.0 1.0 0.33999999999999997 0.32 1.0 0.78 0.5599999999999999 0.5599999999999999
-0.34 -0.0 0.06 1 0.76 0.54 0.58 0.52 0.76 0.13999999999999999 0.1 0.1 1.0 1.0 0.32 0.32 1.0 0.76 0.76 0.54
-0.34 -0.02 0.06 1 0.74 0.54 0.5599999999999999 0.52 0.78 0.13999999999999999 0.12 1.0 1.0 1.0 0.32 0.3 1.0 0.74 0.74 0.54
-0.34 -0.02 0.05 1 0.72 0.54 0.5599999999999999 0.54 0.78 0.16 0.13999999999999999 1.0 1.0 1.0 0.3 0.3 1.0 0.74 0.74 0.52
-0.34 -0.02 0.05 1 0.7 0.52 0.5599999999999999 0.54 0.8 0.16 0.13999999999999999 1.0 1.0 1.0 0.3 0.3 1.0 0.72 0.72 0.52
-0.32 -0.0 0.06 1 0.6799999999999999 0.52 0.5599999999999999 0.54 0.82 0.16 0.16 1.0 1.0 1.0 0.3 0.3 1.0 0.72 0.72 0.52
-0.3 -0.0 0.06 1 0.6799999999999999 0.52 0.54 0.54 0.82 0.18 0.16 1.0 1.0 1.0 0.3 0.3 1.0 0.7 0.7 0.5
-0.28 0.22 0.06 1 0.6799999999999999 0.5 0.54 0.5599999999999999 0.82 0.2 0.18 1.0 1.0 1.0 0.27999999999999997 0.27999999999999997 1.0 0.6799999999999999 0.6799999999999999 0.5
-0.26 0.28 0.08 1 0.6599999999999999 0.5 0.52 0.5599999999999999 0.8400000000000001 0.2 0.2 1.0 1.0 1.0 0.27999999999999997 0.27999999999999997 1.0 0.6799999999999999 0.6799999999999999 0.48
-0.26 0.28 0.1 1 0.6599999999999999 0.5 0.5 0.5599999999999999 0.58 0.22000000000000003 0.2 1.0 1.0 1.0 0.27999999999999997 0.27999999999999997 1.0 0.72 0.6599999999999999 0.48
-0.26 0.3 0.11 1 0.6599999999999999 0.5 0.5 0.5599999999999999 0.5599999999999999 0.24 0.22000000000000003 1.0 0.18 1.0 0.27999999999999997 0.27999999999999997 1.0 0.72 0.6599999999999999 0.48
-0.24 0.34 0.13 1 0.6599999999999999 0.5 0.5 0.58 0.58 0.27999999999999997 0.22000000000000003 1.0 0.2 1.0 0.26 0.26 1.0 0.8400000000000001 0.6599999999999999 1.0
-0.2 0.28 0.15 1 0.64 0.64 0.48 0.58 0.58 0.27999999999999997 0.24 1.0 0.2 1.0 0.27999999999999997 0.26 1.0 0.9 0.6599999999999999 1.0
-0.14 -0.02 0.16 1 0.64 0.64 0.48 0.8400000000000001 0.58 0.3 0.24 1.0 0.22000000000000003 1.0 0.27999999999999997 0.26 1.0 0.9 0.64 0.96
-0.12 0.0 0.15 1 0.6599999999999999 0.6599999999999999 0.48 0.8400000000000001 0.58 0.3 0.24 1.0 0.22000000000000003 1.0 0.26 0.26 1.0 0.9 0.64 0.9400000000000001
-0.04 0.0 0.15 1 0.6599999999999999 0.6599999999999999 0.48 0.54 0.58 0.3 0.24 1.0 0.22000000000000003 1.0 0.26 0.26 1.0 0.9 0.64 0.9400000000000001
0.02 -0.24 0.15 1 0.64 0.64 0.48 0.54 0.6 0.3 0.26 1.0 0.22000000000000003 1.0 0.26 0.26 1.0 0.9 0.64 0.9400000000000001
0.18 -0.42 0.12 1 0.64 0.48 0.48 0.58 0.58 0.27999999999999997 0.24 1.0 0.22000000000000003 1.0 0.26 0.26 1.0 0.9 0.64 1.0
0.44 -0.44 0.1 1 0.64 0.5 0.5 0.58 0.58 0.24 0.22000000000000003 1.0 0.2 1.0 0.26 0.26 1.0 0.7 0.64 0.45999999999999996
0.68 -0.36 0.08 1 0.6599999999999999 0.5 0.52 0.58 0.86 0.22000000000000003 0.2 1.0 1.0 1.0 0.27999999999999997 0.27999999999999997 1.0 0.72 0.6599999999999999 0.48
0.56 0.06 0.07 1 0.6799999999999999 0.52 0.54 0.5599999999999999 0.8400000000000001 0.2 0.18 1.0 1.0 1.0 0.27999999999999997 0.27999999999999997 1.0 0.6799999999999999 0.6799999999999999 0.5
0.04 -0.02 0.07 1 0.7 0.52 0.54 0.5599999999999999 0.82 0.18 0.16 1.0 1.0 1.0 0.27999999999999997 0.27999999999999997 0.9400000000000001 0.7 0.7 0.5
-0.12 0.0 0.07 1 0.7 0.52 0.54 0.5599999999999999 0.82 0.18 0.16 1.0 1.0 1.0 0.27999999999999997 0.27999999999999997 1.0 0.7 0.7 0.5
-0.18 -0.0 0.07 1 0.6799999999999999 0.52 0.54 0.5599999999999999 0.82 0.18 0.18 1.0 1.0 1.0 0.27999999999999997 0.27999999999999997 1.0 0.7 0.7 0.5
-0.16 0.24 0.07 1 0.6799999999999999 0.52 0.54 0.5599999999999999 0.8400000000000001 0.2 0.18 1.0 1.0 1.0 0.27999999999999997 0.27999999999999997 1.0 0.6799999999999999 0.6799999999999999 0.5
-0.18 0.38 0.09 1 0.6799999999999999 0.5 0.52 0.5599999999999999 0.58 0.22000000000000003 0.18 1.0 1.0 1.0 0.27999999999999997 0.27999999999999997 1.0 0.74 0.6799999999999999 0.48
-0.24 0.36 0.12 1 0.6799999999999999 0.5 0.5 0.5599999999999999 0.5599999999999999 0.24 0.2 1.0 0.16 1.0 0.27999999999999997 0.27999999999999997 1.0 0.74 0.6799999999999999 0.48
-0.24 0.36 0.14 1 0.6599999999999999 0.5 0.5 0.5599999999999999 0.5599999999999999 0.26 0.2 1.0 0.18 1.0 0.27999999999999997 0.26 1.0 0.86 0.6799999999999999 1.0
-0.24 0.24 0.15 1 0.6599999999999999 0.6599999999999999 0.5 0.58 0.58 0.26 0.22000000000000003 1.0 0.18 1.0 0.27999999999999997 0.26 1.0 0.9400000000000001 0.6599999999999999 1.0
-0.16 -0.04 0.16 1 0.6599999999999999 0.6599999999999999 0.5 0.6 0.58 0.27999999999999997 0.22000000000000003 1.0 0.2 1.0 0.27999999999999997 0.26 1.0 0.9199999999999999 0.6599999999999999 1.0
-0.14 0.0 0.16 1 0.6799999999999999 0.6799999999999999 0.5 0.6 0.58 0.27999999999999997 0.24 1.0 0.2 1.0 0.27999999999999997 0.24 1.0 0.9199999999999999 0.6599999999999999 1.0
-0.08 -0.02 0.16 1 0.6599999999999999 0.6599999999999999 0.5 0.54 0.58 0.27999999999999997 0.24 1.0 0.2 1.0 0.27999999999999997 0.24 1.0 0.9199999999999999 0.6599999999999999 1.0
-0.06 -0.24 0.15 1 0.6599999999999999 0.6599999999999999 0.5 0.6 0.58 0.27999999999999997 0.24 1.0 0.2 1.0 0.26 0.24 1.0 0.86 0.6599999999999999 0.96
0.0 -0.36 0.13 1 0.6599999999999999 0.5 0.5 0.58 0.58 0.27999999999999997 0.24 1.0 0.2 1.0 0.26 0.26 1.0 0.82 0.6599999999999999 1.0
0.22 -0.5 0.1 1 0.6599999999999999 0.5 0.5 0.58 0.58 0.24 0.22000000000000003 1.0 1.0 1.0 0.26 0.26 1.0 0.7 0.6599999999999999 0.48
0.4 -0.36 0.08 1 0.6799999999999999 0.5 0.5 0.58 0.62 0.22000000000000003 0.22000000000000003 1.0 1.0 1.0 0.26 0.26 1.0 0.7 0.6599999999999999 0.48
0.38 0.06 0.07 1 0.6799999999999999 0.52 0.52 0.58 0.86 0.2 0.2 1.0 1.0 1.0 0.26 0.26 1.0 0.6799999999999999 0.6799999999999999 0.5
-0.04 0.0 0.07 1 0.6799999999999999 0.52 0.54 0.58 0.8400000000000001 0.2 0.2 1.0 1.0 1.0 0.26 0.26 1.0 0.6799999999999999 0.6799999999999999 0.5
-0.12 0.0 0.07 1 0.6799999999999999 0.52 0.52 0.58 0.86 0.2 0.2 1.0 1.0 1.0 0.26 0.26 1.0 0.6799999999999999 0.6799999999999999 0.5
-0.16 0.02 0.07 1 0.6799999999999999 0.52 0.52 0.58 0.86 0.2 0.2 1.0 1.0 1.0 0.26 0.26 1.0 0.6799999999999999 0.6799999999999999 0.5
-0.14 0.28 0.08 1 0.6799999999999999 0.5 0.52 0.58 0.62 0.2 0.2 1.0 1.0 1.0 0.26 0.26 1.0 0.72 0.6599999999999999 0.5
-0.16 0.4 0.1 1 0.6799999999999999 0.5 0.5 0.58 0.58 0.24 0.22000000000000003 1.0 1.0 1.0 0.26 0.26 1.0 0.72 0.6599999999999999 0.48
-0.2 0.38 0.12 1 0.6799999999999999 0.5 0.5 0.58 0.58 0.26 0.22000000000000003 1.0 0.18 1.0 0.26 0.26 1.0 0.9199999999999999 0.6599999999999999 1.0
-0.22 0.38 0.14 1 0.6599999999999999 0.6599999999999999 0.5 0.58 0.58 0.27999999999999997 0.24 1.0 0.2 1.0 0.26 0.26 1.0 0.9199999999999999 0.6599999999999999 1.0
-0.24 0.22 0.15 1 0.6599999999999999 0.6599999999999999 0.5 0.54 0.6 0.3 0.24 1.0 0.2 1.0 0.26 0.24 1.0 0.9 0.6599999999999999 0.9400000000000001
-0.12 -0.02 0.16 1 0.6799999999999999 0.6799999999999999 0.5 0.54 0.6 0.3 0.24 1.0 0.22000000000000003 1.0 0.26 0.24 1.0 0.82 0.64 0.64
-0.06 -0.02 0.16 1 0.6599999999999999 0.6599999999999999 0.5 0.54 0.6 0.3 0.26 1.0 0.22000000000000003 1.0 0.26 0.24 1.0 0.8 0.64 0.64
0.02 0.02 0.16 1 0.6599999999999999 0.6599999999999999 0.5 0.54 0.6 0.3 0.26 1.0 0.22000000000000003 1.0 0.26 0.24 1.0 0.9 0.64 0.64
0.12 -0.26 0.15 1 0.6599999999999999 0.6599999999999999 0.5 0.54 0.6 0.3 0.24 1.0 0.22000000000000003 1.0 0.26 0.24 1.0 0.9 0.64 1.0
0.28 -0.44 0.13 1 0.6599999999999999 0.6599999999999999 0.5 0.6 0.6 0.27999999999999997 0.24 1.0 0.2 1.0 0.24 0.24 1.0 0.9 0.6599999999999999 1.0
0.46 -0.5 0.1 1 0.6799999999999999 0.5 0.5 0.58 0.58 0.24 0.22000000000000003 1.0 0.2 1.0 0.26 0.26 1.0 0.9 0.6599999999999999 0.48
0.66 -0.4 0.07 1 0.6799999999999999 0.52 0.52 0.58 0.86 0.2 0.2 1.0 1.0 1.0 0.26 0.26 1.0 0.72 0.6799999999999999 0.5
0.58 0.08 0.07 1 0.7 0.52 0.54 0.5599999999999999 0.8400000000000001 0.18 0.18 1.0 1.0 1.0 0.27999999999999997 0.27999999999999997 1.0 0.7 0.7 0.52
0.0 0.02 0.07 1 0.7 0.54 0.5599999999999999 0.5599999999999999 0.82 0.18 0.16 1.0 1.0 1.0 0.27999999999999997 0.27999999999999997 1.0 0.7 0.7 0.52
-0.14 -0.0 0.07 1 0.7 0.54 0.5599999999999999 0.5599999999999999 0.82 0.18 0.16 1.0 1.0 1.0 0.27999999999999997 0.27999999999999997 1.0 0.7 0.7 0.52
-0.18 0.0 0.07 1 0.7 0.52 0.54 0.5599999999999999 0.82 0.18 0.16 1.0 1.0 1.0 0.27999999999999997 0.27999999999999997 1.0 0.7 0.7 0.52
-0.16 0.26 0.08 1 0.7 0.52 0.54 0.5599999999999999 0.8400000000000001 0.18 0.18 1.0 1.0 1.0 0.27999999999999997 0.27999999999999997 1.0 0.74 0.7 0.5
-0.18 0.38 0.1 1 0.6799999999999999 0.52 0.52 0.5599999999999999 0.58 0.2 0.18 1.0 1.0 1.0 0.26 0.26 1.0 0.74 0.7 0.5
-0.24 0.34 0.12 1 0.7 0.52 0.52 0.5599999999999999 0.5599999999999999 0.22000000000000003 0.2 1.0 0.16 1.0 0.27999999999999997 0.26 1.0 0.8800000000000001 0.7 0.5
-0.26 0.34 0.14 1 0.7 0.52 0.52 0.5599999999999999 0.5599999999999999 0.24 0.2 1.0 0.18 1.0 0.27999999999999997 0.26 1.0 0.9400000000000001 0.6799999999999999 1.0
-0.24 0.24 0.16 1 0.7 0.7 0.52 0.58 0.58 0.26 0.22000000000000003 1.0 0.18 1.0 0.27999999999999997 0.24 1.0 0.9400000000000001 0.6799999999999999 1.0
-0.18 -0.04 0.16 1 0.6799999999999999 0.6799999999999999 0.5 0.5599999999999999 0.58 0.27999999999999997 0.22000000000000003 1.0 0.18 1.0 0.27999999999999997 0.24 1.0 0.9400000000000001 0.6799999999999999 1.0
-0.16 0.0 0.16 1 0.6799999999999999 0.6799999999999999 0.5 0.54 0.6 0.27999999999999997 0.22000000000000003 1.0 0.2 1.0 0.27999999999999997 0.24 1.0 0.9199999999999999 0.6599999999999999 1.0
-0.1 0.0 0.16 1 0.6799999999999999 0.6799999999999999 0.5 0.54 0.6 0.27999999999999997 0.24 1.0 0.2 1.0 0.26 0.24 1.0 0.9199999999999999 0.6599999999999999 1.0
-0.06 -0.28 0.15 1 0.6599999999999999 0.6599999999999999 0.5 0.62 0.6 0.27999999999999997 0.24 1.0 0.2 1.0 0.26 0.24 1.0 0.9199999999999999 0.6599999999999999 1.0
-0.02 -0.3 0.14 1 0.6599999999999999 0.6599999999999999 0.5 0.6 0.6 0.27999999999999997 0.24 1.0 0.2 1.0 0.24 0.24 1.0 0.9199999999999999 0.6599999999999999 1.0
0.16 -0.52 0.11 1 0.6799999999999999 0.52 0.52 0.6 0.6 0.24 0.22000000000000003 1.0 1.0 1.0 0.24 0.24 1.0 0.9199999999999999 0.6599999999999999 0.5
0.26 -0.38 0.08 1 0.6599999999999999 0.52 0.52 0.6 0.62 0.22000000000000003 0.22000000000000003 1.0 1.0 1.0 0.24 0.24 1.0 0.7 0.6599999999999999 0.5
0.34 0.0 0.07 1 0.7 0.52 0.52 0.6 0.86 0.2 0.2 1.0 1.0 1.0 0.26 0.26 1.0 0.72 0.6599999999999999 0.5
-0.06 0.0 0.07 1 0.6799999999999999 0.52 0.52 0.58 0.8800000000000001 0.2 0.2 1.0 1.0 1.0 0.26 0.26 1.0 0.72 0.6799999999999999 0.5
-0.12 0.02 0.07 1 0.6799999999999999 0.52 0.52 0.58 0.86 0.2 0.2 1.0 1.0 1.0 0.26 0.26 1.0 0.72 0.6799999999999999 0.5
-0.16 0.0 0.07 1 0.6599999999999999 0.52 0.52 0.6 0.8800000000000001 0.2 0.2 1.0 1.0 1.0 0.26 0.26 1.0 0.72 0.6599999999999999 0.5
-0.14 0.24 0.08 1 0.6799999999999999 0.52 0.52 0.6 0.62 0.22000000000000003 0.22000000000000003 1.0 1.0 1.0 0.24 0.24 1.0 0.72 0.6599999999999999 0.5
-0.16 0.36 0.1 1 0.6599999999999999 0.52 0.52 0.6 0.6 0.24 0.22000000000000003 1.0 1.0 1.0 0.24 0.24 1.0 0.72 0.6599999999999999 0.48
-0.2 0.36 0.12 1 0.6599999999999999 0.52 0.52 0.6 0.6 0.26 0.22000000000000003 1.0 0.2 1.0 0.24 0.24 1.0 0.9199999999999999 0.6599999999999999 1.0
-0.22 0.38 0.14 1 0.6799999999999999 0.6799999999999999 0.5 0.6 0.6 0.27999999999999997 0.24 1.0 0.2 1.0 0.24 0.24 1.0 0.9199999999999999 0.6599999999999999 1.0
-0.24 0.18 0.15 1 0.6599999999999999 0.6599999999999999 0.5 0.54 0.62 0.3 0.24 1.0 0.22000000000000003 1.0 0.24 0.22000000000000003 1.0 0.9199999999999999 0.64 0.64
-0.12 -0.02 0.16 1 0.6599999999999999 0.6599999999999999 0.5 0.54 0.62 0.3 0.26 1.0 0.22000000000000003 1.0 0.24 0.22000000000000003 1.0 0.9 0.64 0.64
-0.04 0.02 0.16 1 0.6599999999999999 0.6599999999999999 0.5 0.54 0.62 0.32 0.26 1.0 0.22000000000000003 1.0 0.24 0.22000000000000003 1.0 0.8400000000000001 0.64 0.64
0.02 0.0 0.16 1 0.6599999999999999 0.6599999999999999 0.5 0.54 0.62 0.32 0.26 1.0 0.22000000000000003 1.0 0.24 0.22000000000000003 1.0 0.8 0.64 0.64
0.14 -0.3 0.15 1 0.64 0.64 0.5 0.54 0.62 0.3 0.26 1.0 0.22000000000000003 1.0 0.22000000000000003 0.22000000000000003 1.0 0.86 0.64 0.64
0.34 -0.44 0.12 1 0.6599999999999999 0.6599999999999999 0.52 0.6 0.6 0.26 0.24 1.0 0.22000000000000003 1.0 0.24 0.24 1.0 0.9199999999999999 0.64 1.0
0.6 -0.48 0.1 1 0.6799999999999999 0.52 0.52 0.6 0.6 0.24 0.22000000000000003 1.0 1.0 1.0 0.24 0.24 1.0 0.9199999999999999 0.6599999999999999 0.48
0.48 -0.24 0.08 1 0.6799999999999999 0.52 0.52 0.58 0.64 0.2 0.2 1.0 1.0 1.0 0.26 0.26 1.0 0.72 0.6799999999999999 0.5
0.32 0.04 0.07 1 0.7 0.54 0.54 0.58 0.8400000000000001 0.18 0.18 1.0 1.0 1.0 0.26 0.26 1.0 0.74 0.6799999999999999 0.52
-0.08 -0.0 0.07 1 0.7 0.54 0.54 0.58 0.8400000000000001 0.18 0.18 1.0 1.0 1.0 0.26 0.26 1.0 0.74 0.7 0.52
-0.16 0.02 0.07 1 0.7 0.54 0.54 0.58 0.8400000000000001 0.18 0.18 1.0 1.0 1.0 0.26 0.26 1.0 0.74 0.7 0.52
-0.18 -0.02 0.07 1 0.7 0.52 0.54 0.58 0.86 0.2 0.18 1.0 1.0 1.0 0.26 0.26 1.0 0.74 0.6799999999999999 0.5
-0.16 0.28 0.08 1 0.6799999999999999 0.52 0.52 0.58 0.62 0.2 0.2 1.0 1.0 1.0 0.26 0.26 1.0 0.74 0.6799999999999999 0.5
-0.18 0.38 0.1 1 0.7 0.52 0.52 0.58 0.58 0.22000000000000003 0.2 1.0 1.0 1.0 0.24 0.24 1.0 0.9 0.6799999999999999 0.5
-0.22 0.38 0.12 1 0.6799999999999999 0.52 0.52 0.58 0.58 0.24 0.22000000000000003 1.0 0.18 1.0 0.24 0.24 1.0 0.8800000000000001 0.6799999999999999 1.0
-0.24 0.36 0.14 1 0.6799999999999999 0.6799999999999999 0.52 0.6 0.6 0.26 0.22000000000000003 1.0 0.18 1.0 0.26 0.24 1.0 0.86 0.6599999999999999 1.0
-0.26 0.24 0.16 1 0.6799999999999999 0.6799999999999999 0.5 0.54 0.6 0.27999999999999997 0.24 1.0 0.2 1.0 0.26 0.22000000000000003 1.0 0.9400000000000001 0.6599999999999999 0.6599999999999999
-0.16 -0.04 0.17 1 0.6799999999999999 0.6799999999999999 0.5 0.54 0.62 0.3 0.24 1.0 0.22000000000000003 1.0 0.26 0.22000000000000003 1.0 0.9199999999999999 0.6599999999999999 0.6599999999999999
-0.08 0.02 0.16 1 0.6599999999999999 0.6599999999999999 0.5 0.54 0.62 0.3 0.24 1.0 0.22000000000000003 1.0 0.26 0.22000000000000003 1.0 0.9199999999999999 0.6599999999999999 0.6599999999999999
-0.06 -0.02 0.16 1 0.6599999999999999 0.6599999999999999 0.5 0.54 0.62 0.3 0.24 1.0 0.22000000000000003 1.0 0.24 0.22000000000000003 1.0 0.8400000000000001 0.6599999999999999 0.6599999999999999
-0.02 -0.2 0.16 1 0.6799999999999999 0.6799999999999999 0.5 0.5599999999999999 0.62 0.3 0.24 1.0 0.22000000000000003 1.0 0.24 0.22000000000000003 1.0 0.82 0.6599999999999999 0.6599999999999999
0.1 -0.44 0.14 1 0.6599999999999999 0.6599999999999999 0.52 0.5599999999999999 0.62 0.27999999999999997 0.24 1.0 0.22000000000000003 1.0 0.22000000000000003 0.22000000000000003 1.0 0.9199999999999999 0.64 0.96
0.34 -0.54 0.1 1 0.6599999999999999 0.52 0.52 0.62 0.62 0.24 0.24 1.0 1.0 1.0 0.24 0.24 1.0 0.9199999999999999 0.6599999999999999 1.0
0.46 -0.34 0.08 1 0.6799999999999999 0.52 0.52 0.6 0.62 0.22000000000000003 0.22000000000000003 1.0 1.0 1.0 0.24 0.24 1.0 0.72 0.6599999999999999 0.5
0.32 0.06 0.07 1 0.7 0.52 0.52 0.6 0.8800000000000001 0.2 0.2 1.0 1.0 1.0 0.24 0.24 1.0 0.72 0.6799999999999999 0.5
-0.04 0.02 0.07 1 0.7 0.54 0.54 0.6 0.8800000000000001 0.2 0.2 1.0 1.0 1.0 0.24 0.24 1.0 0.72 0.6799999999999999 0.52
-0.14 0.02 0.07 1 0.6799999999999999 0.54 0.54 0.6 0.86 0.2 0.2 1.0 1.0 1.0 0.24 0.24 1.0 0.74 0.6799999999999999 0.52
-0.16 0.02 0.07 1 0.6799999999999999 0.52 0.52 0.6 0.8800000000000001 0.2 0.2 1.0 1.0 1.0 0.24 0.24 1.0 0.72 0.6799999999999999 0.5
-0.14 0.28 0.08 1 0.6799999999999999 0.52 0.52 0.6 0.62 0.2 0.2 1.0 1.0 1.0 0.24 0.24 1.0 0.72 0.6599999999999999 0.5
-0.16 0.4 0.1 1 0.6799999999999999 0.52 0.52 0.6 0.6 0.22000000000000003 0.22000000000000003 1.0 1.0 1.0 0.24 0.24 1.0 0.9199999999999999 0.6799999999999999 0.5
-0.2 0.42 0.12 1 0.6799999999999999 0.52 0.52 0.6 0.6 0.26 0.22000000000000003 1.0 0.2 1.0 0.24 0.24 1.0 0.8400000000000001 0.6599999999999999 1.0
-0.22 0.36 0.15 1 0.6799999999999999 0.6799999999999999 0.52 0.5599999999999999 0.6 0.27999999999999997 0.24 1.0 0.2 1.0 0.24 0.22000000000000003 1.0 0.8800000000000001 0.6599999999999999 1.0
-0.24 0.22 0.17 1 0.6599999999999999 0.6599999999999999 0.52 0.54 0.62 0.3 0.24 1.0 0.22000000000000003 1.0 0.24 0.22000000000000003 1.0 0.9400000000000001 0.6599999999999999 0.6599999999999999
-0.14 -0.04 0.17 1 0.6799999999999999 0.6799999999999999 0.52 0.54 0.62 0.3 0.26 1.0 0.22000000000000003 1.0 0.24 0.22000000000000003 1.0 0.9199999999999999 0.64 0.64
-0.04 0.02 0.17 1 0.6799999999999999 0.6599999999999999 0.5 0.54 0.62 0.32 0.26 1.0 0.22000000000000003 1.0 0.24 0.22000000000000003 1.0 0.9199999999999999 0.64 0.64
-0.04 -0.06 0.17 1 0.6799999999999999 0.6599999999999999 0.5 0.54 0.62 0.32 0.26 1.0 0.22000000000000003 1.0 0.24 0.22000000000000003 1.0 0.82 0.64 0.64
0.08 -0.36 0.16 1 0.6599999999999999 0.6599999999999999 0.52 0.5599999999999999 0.62 0.3 0.26 1.0 0.22000000000000003 1.0 0.22000000000000003 0.22000000000000003 1.0 0.86 0.64 0.64
0.3 -0.48 0.14 1 0.6599999999999999 0.6599999999999999 0.52 0.62 0.62 0.27999999999999997 0.24 1.0 0.22000000000000003 1.0 0.22000000000000003 0.22000000000000003 1.0 0.9199999999999999 0.6599999999999999 1.0
0.58 -0.52 0.1 1 0.6599999999999999 0.52 0.52 0.6 0.6 0.22000000000000003 0.22000000000000003 1.0 1.0 1.0 0.22000000000000003 0.22000000000000003 1.0 0.9400000000000001 0.6599999999999999 0.5
0.52 -0.3 0.08 1 0.6799999999999999 0.54 0.54 0.6 0.64 0.2 0.2 1.0 1.0 1.0 0.24 0.24 1.0 0.72 0.6799999999999999 0.5
0.32 0.02 0.07 1 0.7 0.54 0.54 0.6 0.86 0.18 0.18 1.0 1.0 1.0 0.24 0.24 1.0 0.74 0.7 0.52
-0.08 -0.0 0.08 1 0.7 0.54 0.54 0.58 0.86 0.18 0.18 1.0 1.0 1.0 0.24 0.24 1.0 0.74 0.7 0.52
-0.16 0.0 0.08 1 0.72 0.54 0.54 0.58 0.86 0.18 0.18 1.0 1.0 1.0 0.24 0.24 1.0 0.74 0.7 0.52
-0.18 0.02 0.07 1 0.6799999999999999 0.54 0.54 0.6 0.86 0.18 0.18 1.0 1.0 1.0 0.24 0.24 1.0 0.74 0.6799999999999999 0.52
-0.18 0.24 0.08 1 0.7 0.54 0.54 0.6 0.64 0.2 0.2 1.0 1.0 1.0 0.24 0.24 1.0 0.74 0.6799999999999999 0.52
-0.2 0.34 0.1 1 0.6799999999999999 0.54 0.54 0.6 0.6 0.2 0.2 1.0 1.0 1.0 0.24 0.24 1.0 0.9199999999999999 0.6799999999999999 0.5
-0.24 0.36 0.12 1 0.6799999999999999 0.52 0.52 0.6 0.6 0.24 0.22000000000000003 1.0 1.0 1.0 0.24 0.24 1.0 0.9 0.6799999999999999 1.0
-0.26 0.36 0.14 1 0.6799999999999999 0.6799999999999999 0.52 0.6 0.6 0.26 0.22000000000000003 1.0 0.2 1.0 0.24 0.22000000000000003 1.0 0.96 0.6599999999999999 1.0
-0.26 0.36 0.16 1 0.6599999999999999 0.6599999999999999 0.52 0.5599999999999999 0.62 0.27999999999999997 0.24 1.0 0.2 1.0 0.24 0.22000000000000003 1.0 0.96 0.6599999999999999 0.6599999999999999
-0.24 0.24 0.18 1 0.6799999999999999 0.6799999999999999 0.52 0.54 0.62 0.3 0.24 1.0 0.22000000000000003 1.0 0.24 0.22000000000000003 1.0 0.9400000000000001 0.6599999999999999 0.6599999999999999
-0.14 -0.02 0.18 1 0.6799999999999999 0.6599999999999999 0.52 0.54 0.62 0.32 0.26 1.0 0.22000000000000003 1.0 0.24 0.2 1.0 0.9400000000000001 0.64 0.64
-0.1 0.0 0.18 1 0.6799999999999999 0.6599999999999999 0.5 0.54 0.64 0.32 0.26 1.0 0.24 1.0 0.24 0.2 1.0 0.86 0.64 0.64
-0.0 -0.02 0.18 1 0.6799999999999999 0.6599999999999999 0.52 0.54 0.64 0.32 0.26 1.0 0.24 1.0 0.24 0.2 1.0 0.9400000000000001 0.64 0.64
0.06 -0.26 0.17 1 0.6799999999999999 0.6599999999999999 0.52 0.54 0.64 0.32 0.26 1.0 0.24 1.0 0.24 0.2 1.0 0.9400000000000001 0.64 0.64
0.24 -0.5 0.15 1 0.6599999999999999 0.6599999999999999 0.52 0.5599999999999999 0.64 0.27999999999999997 0.26 1.0 0.22000000000000003 1.0 0.22000000000000003 0.2 1.0 0.9400000000000001 0.64 0.64
0.52 -0.6 0.11 1 0.6599999999999999 0.6599999999999999 0.52 0.62 0.62 0.24 0.24 1.0 1.0 1.0 0.22000000000000003 0.22000000000000003 1.0 0.9 0.6599999999999999 1.0
0.62 -0.38 0.09 1 0.6799999999999999 0.54 0.54 0.6 0.62 0.22000000000000003 0.2 1.0 1.0 1.0 0.22000000000000003 0.22000000000000003 1.0 0.8800000000000001 0.6799999999999999 0.5
0.32 0.0 0.07 1 0.6799999999999999 0.54 0.54 0.6 0.86 0.18 0.18 1.0 1.0 1.0 0.24 0.24 1.0 0.74 0.6799999999999999 0.52
-0.02 0.02 0.07 1 0.7 0.54 0.54 0.6 0.86 0.18 0.18 1.0 1.0 1.0 0.24 0.24 1.0 0.74 0.7 0.52
-0.14 0.02 0.07 1 0.7 0.54 0.54 0.6 0.86 0.18 0.18 1.0 1.0 1.0 0.24 0.24 1.0 0.74 0.7 0.52
-0.18 0.02 0.07 1 0.7 0.54 0.54 0.6 0.8800000000000001 0.2 0.2 1.0 1.0 1.0 0.24 0.24 1.0 0.74 0.6799999999999999 0.52
-0.16 0.24 0.08 1 0.6799999999999999 0.54 0.54 0.6 0.64 0.2 0.2 1.0 1.0 1.0 0.24 0.24 1.0 0.72 0.6799999999999999 0.5
-0.18 0.38 0.1 1 0.6799999999999999 0.54 0.54 0.6 0.6 0.22000000000000003 0.2 1.0 1.0 1.0 0.22000000000000003 0.22000000000000003 1.0 0.9800000000000001 0.6799999999999999 0.5
-0.22 0.38 0.12 1 0.7 0.7 0.52 0.6 0.6 0.24 0.22000000000000003 1.0 0.2 1.0 0.22000000000000003 0.22000000000000003 1.0 0.96 0.6799999999999999 1.0
-0.22 0.4 0.15 1 0.6799999999999999 0.6799999999999999 0.52 0.58 0.62 0.27999999999999997 0.24 1.0 0.2 1.0 0.24 0.22000000000000003 1.0 0.96 0.6599999999999999 0.6599999999999999
-0.26 0.24 0.17 1 0.6799999999999999 0.6799999999999999 0.52 0.5599999999999999 0.62 0.3 0.24 1.0 0.22000000000000003 1.0 0.24 0.22000000000000003 1.0 0.96 0.6599999999999999 0.6599999999999999
-0.14 -0.02 0.17 1 0.7 0.6599999999999999 0.52 0.5599999999999999 0.62 0.3 0.24 1.0 0.22000000000000003 1.0 0.24 0.2 1.0 0.9400000000000001 0.6599999999999999 0.6599999999999999
-0.1 -0.02 0.17 1 0.6799999999999999 0.6599999999999999 0.52 0.54 0.64 0.32 0.26 1.0 0.22000000000000003 1.0 0.24 0.2 1.0 0.9400000000000001 0.64 0.64
-0.02 -0.02 0.17 1 0.6799999999999999 0.6599999999999999 0.52 0.5599999999999999 0.64 0.32 0.26 1.0 0.22000000000000003 1.0 0.22000000000000003 0.2 1.0 0.9400000000000001 0.64 0.64
0.06 -0.28 0.16 1 0.6799999999999999 0.6599999999999999 0.52 0.5599999999999999 0.64 0.3 0.26 1.0 0.22000000000000003 1.0 0.22000000000000003 0.2 1.0 0.9400000000000001 0.6599999999999999 0.6599999999999999
0.22 -0.5 0.14 1 0.6599999999999999 0.6599999999999999 0.52 0.58 0.64 0.27999999999999997 0.24 1.0 0.22000000000000003 1.0 0.2 0.2 1.0 0.9400000000000001 0.6599999999999999 1.0
0.5 -0.56 0.11 1 0.6799999999999999 0.54 0.54 0.62 0.62 0.24 0.24 1.0 1.0 1.0 0.22000000000000003 0.22000000000000003 1.0 0.9400000000000001 0.6599999999999999 1.0
0.56 -0.32 0.08 1 0.7 0.54 0.54 0.62 0.62 0.2 0.2 1.0 1.0 1.0 0.22000000000000003 0.22000000000000003 1.0 0.72 0.6799999999999999 0.52
0.34 0.04 0.07 1 0.6799999999999999 0.54 0.54 0.6 0.8800000000000001 0.18 0.18 1.0 1.0 1.0 0.24 0.24 1.0 0.74 0.7 0.52
-0.04 0.0 0.07 1 0.7 0.54 0.54 0.6 0.86 0.18 0.18 1.0 1.0 1.0 0.24 0.24 1.0 0.74 0.7 0.52
-0.14 0.0 0.07 1 0.7 0.54 0.54 0.6 0.86 0.18 0.18 1.0 1.0 1.0 0.24 0.24 1.0 0.74 0.7 0.52
-0.18 0.02 0.07 1 0.7 0.54 0.54 0.6 0.8800000000000001 0.18 0.18 1.0 1.0 1.0 0.24 0.24 1.0 0.74 0.7 0.52
-0.16 0.28 0.08 1 0.6799999999999999 0.54 0.54 0.6 0.64 0.2 0.2 1.0 1.0 1.0 0.22000000000000003 0.22000000000000003 1.0 0.74 0.6799999999999999 0.52
-0.18 0.4 0.1 1 0.7 0.54 0.54 0.6 0.6 0.2 0.2 1.0 1.0 1.0 0.22000000000000003 0.22000000000000003 1.0 0.96 0.6799999999999999 0.52
-0.24 0.4 0.12 1 0.7 0.7 0.54 0.62 0.62 0.24 0.22000000000000003 1.0 1.0 1.0 0.22000000000000003 0.22000000000000003 1.0 0.9400000000000001 0.6799999999999999 1.0
-0.26 0.38 0.15 1 0.7 0.7 0.52 0.58 0.62 0.26 0.22000000000000003 1.0 0.2 1.0 0.24 0.22000000000000003 1.0 0.9400000000000001 0.6599999999999999 0.6599999999999999
-0.28 0.36 0.17 1 0.7 0.6799999999999999 0.52 0.5599999999999999 0.62 0.3 0.24 1.0 0.2 1.0 0.24 0.2 1.0 0.96 0.6599999999999999 0.6599999999999999
-0.22 0.3 0.19 1 0.7 0.6599999999999999 0.52 0.54 0.64 0.32 0.24 1.0 0.22000000000000003 1.0 0.9400000000000001 0.2 0.24 1.0 0.6599999999999999 0.6599999999999999
-0.1 -0.02 0.2 1 0.7 0.6599999999999999 0.52 0.52 0.64 0.33999999999999997 0.26 1.0 0.22000000000000003 1.0 0.9400000000000001 0.2 0.24 1.0 0.6599999999999999 0.6599999999999999
-0.02 0.0 0.2 1 0.7 0.6599999999999999 0.52 0.52 0.64 0.33999999999999997 0.26 1.0 0.24 1.0 0.9400000000000001 0.2 0.24 1.0 0.6599999999999999 0.6599999999999999
0.18 -0.2 0.19 1 0.6799999999999999 0.6599999999999999 0.52 0.52 0.64 0.32 0.26 1.0 0.22000000000000003 1.0 0.9400000000000001 0.2 0.24 1.0 0.6599999999999999 0.6599999999999999
0.38 -0.36 0.18 1 0.7 0.6599999999999999 0.52 0.5599999999999999 0.64 0.3 0.24 1.0 0.22000000000000003 1.0 0.24 0.2 1.0 0.96 0.6599999999999999 0.6599999999999999
0.6 -0.68 0.15 1 0.7 0.7 0.54 0.58 0.62 0.26 0.22000000000000003 1.0 0.2 1.0 0.24 0.22000000000000003 1.0 0.9400000000000001 0.6799999999999999 1.0
0.72 -0.72 0.11 1 0.7 0.54 0.54 0.6 0.6 0.2 0.2 1.0 1.0 1.0 0.24 0.24 1.0 0.96 0.7 0.52
0.38 -0.5 0.06 1 0.7 0.54 0.5599999999999999 0.6 0.86 0.16 0.16 1.0 1.0 1.0 0.24 0.24 1.0 0.76 0.7 0.54
0.22 0.04 0.05 1 0.72 0.5599999999999999 0.58 0.58 0.8400000000000001 0.16 0.16 1.0 1.0 1.0 0.24 0.24 1.0 0.72 0.72 0.54
-0.1 0.0 0.05 1 0.7 0.5599999999999999 0.58 0.58 0.8400000000000001 0.16 0.16 1.0 1.0 1.0 0.24 0.24 1.0 0.72 0.72 0.54
-0.16 0.02 0.05 1 0.6799999999999999 0.5599999999999999 0.58 0.58 0.8400000000000001 0.16 0.16 1.0 1.0 1.0 0.24 0.24 1.0 0.72 0.72 0.54
-0.2 0.02 0.05 1 0.6799999999999999 0.54 0.58 0.6 0.86 0.16 0.16 1.0 1.0 1.0 0.24 0.24 1.0 0.7 0.7 0.54
-0.18 0.24 0.06 1 0.6799999999999999 0.54 0.5599999999999999 0.6 0.86 0.18 0.18 1.0 1.0 1.0 0.24 0.24 1.0 0.7 0.7 0.52
-0.18 0.4 0.08 1 0.6799999999999999 0.54 0.54 0.6 0.86 0.18 0.18 1.0 1.0 1.0 0.24 0.24 1.0 0.74 0.7 0.52
-0.22 0.4 0.1 1 0.6799999999999999 0.54 0.54 0.6 0.6 0.2 0.2 1.0 1.0 1.0 0.24 0.24 1.0 0.96 0.7 0.52
-0.26 0.4 0.13 1 0.6799999999999999 0.54 0.54 0.6 0.6 0.22000000000000003 0.2 1.0 1.0 1.0 0.24 0.22000000000000003 1.0 0.9400000000000001 0.6799999999999999 1.0
-0.26 0.42 0.15 1 0.6599999999999999 0.6599999999999999 0.52 0.58 0.6 0.26 0.22000000000000003 1.0 0.18 1.0 0.26 0.22000000000000003 1.0 0.9400000000000001 0.6799999999999999 1.0
-0.24 0.44 0.17 1 0.6599999999999999 0.6599999999999999 0.52 0.5599999999999999 0.62 0.27999999999999997 0.22000000000000003 1.0 0.2 1.0 0.96 0.2 0.26 0.9800000000000001 0.6799999999999999 0.6799999999999999
-0.2 0.32 0.2 1 0.7 0.6799999999999999 0.52 0.54 0.62 0.9199999999999999 0.24 1.0 0.22000000000000003 1.0 0.9400000000000001 0.2 0.22000000000000003 1.0 0.6599999999999999 0.6599999999999999
-0.02 0.04 0.2 1 1.0 0.6799999999999999 0.52 0.52 0.62 0.9199999999999999 0.24 0.24 0.22000000000000003 1.0 0.9400000000000001 0.2 0.22000000000000003 1.0 0.6599999999999999 0.6599999999999999
0.24 -0.02 0.2 1 0.7 0.6799999999999999 0.52 0.52 0.62 0.9199999999999999 0.24 0.24 0.22000000000000003 1.0 0.9400000000000001 0.2 0.22000000000000003 1.0 0.6599999999999999 0.6599999999999999
0.4 0.04 0.21 1 0.72 0.6799999999999999 0.52 0.54 0.62 0.9 0.22000000000000003 0.22000000000000003 0.2 1.0 0.9400000000000001 0.22000000000000003 0.22000000000000003 1.0 0.6599999999999999 0.6599999999999999
0.56 -0.22 0.21 1 0.72 0.6799999999999999 0.52 0.54 0.6 0.8800000000000001 0.22000000000000003 0.22000000000000003 0.18 1.0 0.96 0.22000000000000003 0.22000000000000003 1.0 0.6799999999999999 0.6799999999999999
0.5 -0.32 0.2 1 0.74 0.72 0.52 0.54 0.58 0.86 0.2 0.2 0.16 1.0 0.96 0.24 0.24 1.0 0.7 0.7
0.32 -0.36 0.18 1 0.72 0.72 0.52 0.58 0.5599999999999999 0.8400000000000001 0.18 0.18 0.13999999999999999 1.0 0.96 0.26 0.26 1.0 0.72 1.0
0.32 -0.5 0.16 1 0.72 0.54 0.54 0.5599999999999999 0.5599999999999999 0.22000000000000003 0.16 0.16 0.13999999999999999 1.0 0.9800000000000001 0.26 0.3 1.0 0.72 0.5
0.34 -0.66 0.12 1 0.72 0.54 0.54 0.54 0.5599999999999999 0.18 0.16 1.0 0.12 1.0 0.3 0.27999999999999997 1.0 0.78 0.72 0.52
0.56 -0.98 0.07 1 0.74 0.54 0.5599999999999999 0.54 0.8 0.13999999999999999 0.13999999999999999 1.0 1.0 1.0 0.3 0.27999999999999997 1.0 0.74 0.74 0.54
0.42 -0.96 0.02 1 0.54 0.54 0.54 0.54 0.16 0.1 0.1 1.0 1.0 1.0 0.3 0.3 1.0 0.74 0.5599999999999999 0.5599999999999999
-0.06 -0.7 -0.05 1 0.54 0.54 0.5599999999999999 0.78 0.12 0.08 0.1 1.0 1.0 1.0 0.32 1.0 0.8 0.74 0.5599999999999999 0.58
-0.14 -0.58 -0.08 1 0.52 0.54 0.5599999999999999 0.16 0.1 0.08 1.0 1.0 1.0 0.33999999999999997 0.32 1.0 0.74 0.74 0.5599999999999999 0.58
-0.18 -0.46 -0.11 1 0.52 0.5599999999999999 0.5599999999999999 0.13999999999999999 0.1 0.1 1.0 1.0 1.0 0.32 0.32 1.0 0.72 0.72 0.54 0.82
-0.24 -0.54 -0.14 1 0.5 0.5599999999999999 0.5599999999999999 0.13999999999999999 0.1 0.1 1.0 1.0 1.0 0.32 0.32 0.9800000000000001 0.72 0.54 0.54 0.54
-0.3 -0.46 -0.17 1 0.48 0.5599999999999999 0.5599999999999999 0.13999999999999999 0.1 1.0 1.0 0.32 1.0 0.32 0.38 0.9800000000000001 0.7 0.52 0.52 0.54
0.2 -0.02 -0.19 1 0.48 0.5599999999999999 0.58 0.12 0.12 1.0 1.0 0.32 1.0 0.32 1.0 0.76 0.7 0.5 0.52 0.54
0.92 0.02 -0.2 1 0.5 0.58 0.6 0.1 0.1 1.0 1.0 0.32 1.0 0.32 1.0 0.9800000000000001 0.72 0.52 0.54 0.5599999999999999
1.0 0.02 -0.21 1 0.54 0.6 0.13999999999999999 0.06 0.06 1.0 0.96 1.0 1.0 0.3 0.32 1.0 0.76 0.5599999999999999 0.58 0.58
1.0 0.02 -0.22 1 0.58 0.6 0.04 0.04 1.0 1.0 0.9199999999999999 1.0 1.0 0.3 0.3 1.0 0.78 0.6 0.62 0.6
1.0 0.02 -0.23 1 0.62 0.02 0.02 1.0 1.0 1.0 0.8800000000000001 1.0 0.86 0.3 0.3 1.0 0.82 0.64 0.6599999999999999 0.62
1.0 0.02 -0.22 1 0.6599999999999999 0.0 0.04 1.0 1.0 1.0 0.86 1.0 0.8400000000000001 0.27999999999999997 0.27999999999999997 1.0 0.86 0.6799999999999999 0.6599999999999999 0.64
1.0 0.2 -0.21 1 -0.0 -0.0 0.13999999999999999 1.0 1.0 1.0 0.82 1.0 0.8 0.8 0.27999999999999997 1.0 0.9 0.72 0.6599999999999999 0.6599999999999999
1.0 0.24 -0.18 1 0.0 0.0 0.16 1.0 1.0 1.0 0.8 0.8 0.78 0.78 0.27999999999999997 0.27999999999999997 0.9199999999999999 0.76 0.6799999999999999 0.6799999999999999
1.0 0.28 -0.16 1 0.02 0.04 0.8400000000000001 1.0 1.0 1.0 0.78 0.78 0.82 0.76 0.27999999999999997 0.27999999999999997 0.96 0.8 0.7 0.04
1.0 0.26 -0.14 1 0.04 0.08 0.8400000000000001 1.0 1.0 1.0 0.74 0.74 0.8 0.74 0.3 0.27999999999999997 1.0 0.8400000000000001 0.74 0.06
1.0 0.22 -0.12 1 0.08 0.12 0.8400000000000001 1.0 1.0 1.0 0.78 0.72 0.86 0.72 1.0 0.3 0.33999999999999997 0.8800000000000001 0.76 0.1
1.0 -0.0 -0.11 1 0.12 0.16 0.8400000000000001 1.0 1.0 1.0 0.74 0.7 1.0 0.7 1.0 0.32 0.33999999999999997 0.9199999999999999 0.13999999999999999 0.13999999999999999
1.0 -0.02 -0.11 1 0.13999999999999999 0.2 0.8400000000000001 1.0 1.0 1.0 0.74 0.6799999999999999 1.0 0.7 0.7 0.36 0.36 0.96 0.18 0.18
1.0 0.0 -0.1 1 0.18 0.24 0.8400000000000001 1.0 1.0 1.0 0.76 0.6799999999999999 1.0 0.6799999999999999 0.6799999999999999 0.38 0.38 1.0 0.22000000000000003 0.24
1.0 0.0 -0.1 1 0.22000000000000003 0.26 0.86 1.0 1.0 1.0 0.76 0.6799999999999999 1.0 0.6599999999999999 0.6599999999999999 0.4 0.4 1.0 0.24 0.27999999999999997
1.0 0.0 -0.11 1 0.26 0.3 0.86 1.0 1.0 1.0 0.78 0.6599999999999999 1.0 0.6599999999999999 0.6599999999999999 0.44000000000000006 0.44000000000000006 1.0 0.27999999999999997 0.32
1.0 0.0 -0.13 1 0.3 0.8800000000000001 0.8800000000000001 1.0 1.0 1.0 0.78 0.64 1.0 0.64 0.64 0.5 0.45999999999999996 0.33999999999999997 0.32 0.86
1.0 0.0 -0.14 1 0.32 0.8800000000000001 0.8800000000000001 1.0 1.0 1.0 0.78 0.64 1.0 0.64 0.64 1.0 0.5 0.36 0.36 0.86
1.0 0.02 -0.15 1 0.36 0.9 0.9 1.0 1.0 0.9400000000000001 0.8 0.6599999999999999 1.0 0.64 0.62 1.0 0.54 0.4 0.4 0.8800000000000001
1.0 0.0 -0.16 1 0.4 0.9 0.9 1.0 0.9400000000000001 0.9 0.8 0.6599999999999999 0.86 0.62 0.62 1.0 0.5599999999999999 0.44000000000000006 0.44000000000000006 0.8800000000000001
1.0 0.0 -0.18 1 0.44000000000000006 0.9199999999999999 0.9199999999999999 1.0 0.9 0.86 0.82 0.6799999999999999 0.82 0.62 0.62 1.0 0.6 0.45999999999999996 0.45999999999999996 0.9
1.0 0.0 -0.21 1 0.48 0.9400000000000001 1.0 1.0 0.86 0.8400000000000001 0.8 0.6799999999999999 0.78 0.62 0.6 1.0 0.64 0.52 0.52 1.0
1.0 0.0 -0.25 1 0.52 1.0 1.0 0.9800000000000001 0.82 0.8 0.78 0.6799999999999999 0.76 0.62 0.6 0.64 0.6799999999999999 0.5599999999999999 0.5599999999999999 1.0
1.0 0.22 -0.28 1 0.5599999999999999 1.0 1.0 0.96 0.8400000000000001 0.76 0.74 0.7 0.74 0.64 0.6 0.62 0.72 0.58 0.58 1.0
1.0 0.28 -0.31 1 0.6 1.0 1.0 0.9199999999999999 0.82 0.72 0.72 0.72 0.74 0.6599999999999999 0.6 0.64 0.74 0.62 0.62 1.0
1.0 0.32 -0.35 1 0.64 1.0 1.0 0.9 0.8 0.6799999999999999 0.7 0.7 0.7 0.7 0.6 0.6 0.8 0.6599999999999999 0.6599999999999999 1.0
1.0 0.42 -0.4 1 0.6799999999999999 1.0 1.0 0.8800000000000001 0.78 0.64 0.64 0.6599999999999999 0.6799999999999999 0.6799999999999999 0.6 0.6 0.8400000000000001 0.72 0.7 1.0
1.0 0.56 -0.45 1 0.72 0.72 1.0 1.0 0.8400000000000001 0.6 0.6 0.6799999999999999 0.58 0.6599999999999999 0.62 0.62 0.6799999999999999 0.8800000000000001 0.74 1.0
1.0 0.68 -0.5 1 0.76 0.76 1.0 1.0 0.8 0.58 0.58 0.64 0.5599999999999999 0.62 0.6599999999999999 0.64 0.64 0.9199999999999999 0.78 1.0
1.0 0.76 -0.53 1 0.8 0.8 1.0 1.0 0.76 0.64 0.54 0.6 0.54 0.54 0.64 0.6599999999999999 0.6599999999999999 0.96 0.8 0.8
1.0 0.82 -0.71 1 0.8400000000000001 0.82 1.0 1.0 0.74 0.6599999999999999 0.52 0.52 0.52 0.52 0.62 0.64 0.6799999999999999 1.0 0.8400000000000001 0.8400000000000001
1.0 0.86 -0.66 1 1.0 0.86 1.0 1.0 0.72 0.7 0.5 0.48 0.5 0.5 0.58 0.64 0.7 0.72 0.8800000000000001 0.8400000000000001
1.0 0.9 -0.61 1 1.0 0.8800000000000001 0.8800000000000001 1.0 1.0 0.6599999999999999 0.58 0.48 0.58 0.48 0.48 0.64 0.7 0.74 1.0 0.86
1.0 0.92 -0.56 1 1.0 0.8800000000000001 0.8800000000000001 1.0 1.0 0.64 0.6 0.54 0.62 0.48 0.48 0.5599999999999999 0.6799999999999999 0.8 1.0 0.86
1.0 0.92 -0.51 1 1.0 0.9199999999999999 0.8800000000000001 0.9800000000000001 1.0 1.0 0.6 0.58 0.58 0.54 0.45999999999999996 0.48 0.6799999999999999 0.8400000000000001 0.86 1.0
1.0 0.92 -0.45 1 1.0 1.0 0.8800000000000001 0.9400000000000001 0.96 1.0 0.58 0.6 0.5599999999999999 0.5599999999999999 0.45999999999999996 0.45999999999999996 0.6 0.74 0.8800000000000001 1.0
1.0 0.76 -0.4 1 1.0 1.0 0.8800000000000001 0.8800000000000001 0.9199999999999999 1.0 0.5599999999999999 0.5599999999999999 0.5599999999999999 0.54 0.54 0.48 0.5 0.8 0.9400000000000001 1.0
1.0 0.6 -0.36 1 1.0 1.0 0.86 0.86 0.8800000000000001 1.0 1.0 0.52 1.0 0.54 0.54 0.48 0.48 0.74 1.0 1.0
1.0 0.36 -0.33 1 1.0 1.0 0.8400000000000001 0.8400000000000001 0.86 1.0 1.0 0.52 1.0 0.52 0.52 0.52 0.52 0.72 1.0 1.0
1.0 0.3 -0.31 1 1.0 1.0 0.8400000000000001 0.8400000000000001 0.82 1.0 1.0 1.0 1.0 0.5 0.5 0.58 0.54 0.7 0.9800000000000001 1.0
1.0 0.26 -0.3 1 1.0 1.0 0.82 0.82 0.78 0.8400000000000001 1.0 1.0 1.0 0.5 0.5 0.6 0.58 0.7 0.96 1.0
1.0 0.26 -0.28 1 1.0 1.0 0.8 0.8 0.74 0.78 1.0 1.0 1.0 0.9 0.5 0.5599999999999999 0.62 0.64 1.0 1.0
1.0 0.28 -0.27 1 1.0 1.0 0.78 0.78 0.7 0.74 1.0 1.0 1.0 0.9400000000000001 0.48 0.5599999999999999 0.64 0.6599999999999999 1.0 1.0
1.0 0.28 -0.25 1 1.0 1.0 0.78 0.76 0.6599999999999999 0.6799999999999999 1.0 1.0 1.0 1.0 0.5 0.5 0.6799999999999999 0.6799999999999999 1.0 1.0
1.0 0.3 -0.23 1 1.0 1.0 0.8 0.76 0.64 0.64 1.0 1.0 1.0 1.0 0.5 0.5 0.72 0.72 1.0 1.0
1.0 0.28 -0.22 1 1.0 1.0 0.8 0.74 0.6 0.6 0.9 1.0 1.0 1.0 0.86 0.52 0.76 0.76 1.0 1.0
1.0 0.32 -0.2 1 1.0 1.0 0.78 0.72 0.5599999999999999 0.5599999999999999 0.8800000000000001 1.0 1.0 1.0 0.8800000000000001 0.52 0.62 0.8 1.0 1.0
1.0 0.3 -0.18 1 1.0 1.0 0.8 0.7 0.52 0.52 0.8400000000000001 1.0 0.8400000000000001 1.0 0.8800000000000001 0.54 0.54 0.82 1.0 1.0
1.0 0.24 -0.16 1 1.0 1.0 0.78 0.6799999999999999 0.48 0.48 0.8 1.0 0.8 1.0 0.9400000000000001 0.58 0.58 0.86 1.0 1.0
1.0 0.2 -0.15 1 1.0 1.0 0.78 0.6599999999999999 0.82 0.44000000000000006 0.78 1.0 0.76 0.82 1.0 0.6 0.6 0.9 1.0 1.0
1.0 0.2 -0.13 1 1.0 1.0 0.76 0.64 0.78 0.4 0.45999999999999996 0.9199999999999999 0.74 0.74 1.0 0.9199999999999999 0.64 0.9400000000000001 1.0 1.0
1.0 0.2 -0.13 1 1.0 1.0 0.74 0.64 0.74 0.36 0.42000000000000004 0.8400000000000001 0.52 0.72 1.0 0.9400000000000001 0.6799999999999999 0.9800000000000001 1.0 1.0
1.0 0.26 -0.11 1 1.0 1.0 0.72 0.62 0.7 0.33999999999999997 0.36 0.72 0.38 0.6799999999999999 1.0 0.96 0.7 1.0 1.0 1.0
1.0 0.28 -0.1 1 1.0 1.0 0.7 0.6 0.6599999999999999 0.27999999999999997 0.3 0.6599999999999999 0.32 0.6599999999999999 1.0 1.0 0.74 0.86 1.0 1.0
1.0 0.34 -0.08 1 1.0 1.0 1.0 0.58 0.62 0.26 0.26 0.62 0.26 0.64 1.0 1.0 0.78 0.78 1.0 1.0
0.96 0.5 -0.06 1 1.0 1.0 1.0 0.5599999999999999 0.58 0.22000000000000003 0.22000000000000003 0.3 0.22000000000000003 0.62 0.74 1.0 0.82 0.82 1.0 1.0
0.38 0.42 -0.03 1 1.0 1.0 1.0 0.54 0.58 0.5599999999999999 0.2 0.22000000000000003 0.18 0.24 0.64 1.0 0.86 0.86 1.0 1.0
0.1 0.06 -0.01 1 1.0 1.0 1.0 0.54 1.0 0.5599999999999999 0.18 0.2 0.16 0.22000000000000003 0.6 1.0 1.0 0.86 1.0 1.0
0.22 -0.28 -0.02 1 1.0 1.0 1.0 0.54 0.58 0.54 0.18 0.2 0.16 0.22000000000000003 0.62 1.0 1.0 0.8800000000000001 1.0 1.0
0.4 -0.26 -0.03 1 1.0 1.0 1.0 0.52 0.54 0.54 0.16 0.2 0.13999999999999999 0.22000000000000003 0.62 1.0 0.8800000000000001 0.8800000000000001 1.0 1.0
0.42 -0.24 -0.05 1 1.0 1.0 0.52 0.52 0.52 0.52 0.16 0.18 0.13999999999999999 0.2 0.64 1.0 0.9 0.9 1.0 1.0
0.2 -0.18 -0.06 1 1.0 1.0 0.52 0.52 0.5 0.5 0.13999999999999999 0.16 0.12 0.2 0.6799999999999999 1.0 0.9199999999999999 0.9199999999999999 1.0 1.0
-0.04 -0.28 -0.08 1 1.0 1.0 0.52 0.52 0.5 0.5 0.13999999999999999 0.16 0.12 0.22000000000000003 0.72 1.0 0.9199999999999999 0.9199999999999999 1.0 1.0
-0.06 -0.48 -0.11 1 1.0 1.0 0.54 0.54 0.5 0.26 0.13999999999999999 0.2 0.13999999999999999 0.58 0.76 1.0 0.9 1.0 1.0 1.0
-0.1 -0.5 -0.14 1 1.0 1.0 0.54 1.0 0.5 0.13999999999999999 0.13999999999999999 0.58 0.16 0.58 1.0 1.0 0.9 1.0 1.0 1.0
-0.16 -0.5 -0.17 1 1.0 1.0 0.54 1.0 0.5 0.13999999999999999 0.13999999999999999 0.58 0.18 0.58 1.0 1.0 0.9 1.0 1.0 1.0
-0.2 -0.36 -0.19 1 1.0 0.8800000000000001 0.54 0.52 0.52 0.13999999999999999 0.16 0.62 0.58 0.58 1.0 0.9 0.9 1.0 1.0 0.86
-0.18 -0.26 -0.21 1 1.0 0.9 0.54 0.52 0.52 0.13999999999999999 0.18 0.72 0.58 0.58 1.0 0.9 0.9 1.0 1.0 0.8800000000000001
-0.18 -0.2 -0.23 1 1.0 0.5599999999999999 0.5599999999999999 0.52 0.13999999999999999 0.13999999999999999 0.2 0.76 0.58 0.58 1.0 0.8800000000000001 0.8800000000000001 1.0 1.0 0.62
-0.16 0.02 -0.23 1 1.0 0.54 0.54 0.52 0.16 0.16 0.2 0.78 0.6 0.62 1.0 0.8800000000000001 0.8800000000000001 1.0 1.0 0.6
-0.14 0.02 -0.23 1 1.0 0.54 0.54 0.54 0.16 0.16 0.22000000000000003 0.78 0.6 0.62 1.0 0.8800000000000001 0.8800000000000001 1.0 1.0 0.62
-0.1 0.28 -0.22 1 1.0 0.9 0.54 0.54 0.54 0.16 0.22000000000000003 0.78 0.6 0.6 1.0 0.8800000000000001 0.8800000000000001 1.0 1.0 0.8800000000000001
-0.08 0.4 -0.2 1 1.0 0.9 0.54 0.54 0.54 0.16 0.2 0.74 0.62 0.62 1.0 0.86 0.86 1.0 1.0 0.8800000000000001
-0.0 0.64 -0.17 1 1.0 0.9199999999999999 0.54 1.0 0.54 0.18 0.18 0.62 0.22000000000000003 0.62 1.0 1.0 0.86 1.0 1.0 1.0
0.46 0.84 -0.12 1 1.0 1.0 0.52 0.54 0.52 0.18 0.18 0.6 0.2 0.62 1.0 1.0 0.8800000000000001 1.0 1.0 1.0
0.68 0.9 -0.07 1 1.0 1.0 0.52 0.52 0.52 0.52 0.16 0.2 0.13999999999999999 0.22000000000000003 0.72 1.0 0.9 0.9 1.0 1.0
0.78 0.68 -0.02 1 1.0 1.0 0.9 0.5 0.52 0.48 0.13999999999999999 0.13999999999999999 0.1 0.16 0.6 1.0 0.9400000000000001 0.9400000000000001 1.0 1.0
0.32 0.28 0.02 1 1.0 1.0 0.8800000000000001 0.48 0.96 0.45999999999999996 0.22000000000000003 0.1 0.08 0.12 0.58 1.0 1.0 0.96 1.0 1.0
0.28 -0.04 0.02 1 1.0 1.0 0.9199999999999999 0.48 0.96 0.45999999999999996 0.24 0.1 0.08 0.1 0.58 1.0 1.0 0.9800000000000001 1.0 1.0
0.28 -0.0 0.02 1 1.0 1.0 0.9199999999999999 0.48 0.9400000000000001 0.44000000000000006 0.6599999999999999 0.16 0.06 0.08 0.58 1.0 1.0 1.0 1.0 1.0
0.32 -0.0 0.02 1 1.0 1.0 1.0 0.45999999999999996 0.9199999999999999 0.44000000000000006 0.64 0.16 0.06 0.08 0.58 1.0 1.0 1.0 1.0 1.0
0.36 0.02 0.02 1 1.0 1.0 1.0 0.45999999999999996 0.9199999999999999 0.42000000000000004 0.64 0.18 0.06 0.06 0.58 1.0 1.0 1.0 1.0 1.0
0.52 0.02 0.02 1 1.0 1.0 1.0 0.45999999999999996 0.9 0.4 0.62 0.18 0.04 0.04 0.22000000000000003 1.0 1.0 1.0 1.0 1.0
0.78 -0.18 0.02 1 1.0 1.0 0.44000000000000006 0.44000000000000006 0.8800000000000001 0.38 0.6 0.18 0.04 0.04 0.18 0.76 1.0 1.0 1.0 1.0
0.98 -0.22 0.0 1 1.0 1.0 0.44000000000000006 0.44000000000000006 0.8400000000000001 0.33999999999999997 0.5599999999999999 0.8400000000000001 0.02 0.02 0.13999999999999999 0.78 1.0 1.0 1.0 1.0
1.0 -0.26 -0.01 1 1.0 1.0 0.44000000000000006 0.44000000000000006 0.8 0.3 0.52 0.82 0.5 0.02 0.1 0.78 1.0 1.0 1.0 1.0
1.0 -0.3 -0.04 1 1.0 1.0 0.44000000000000006 0.74 0.27999999999999997 0.26 0.48 0.86 0.45999999999999996 0.04 0.04 1.0 1.0 1.0 1.0 1.0
1.0 0.04 -0.04 1 1.0 1.0 0.44000000000000006 0.6 0.22000000000000003 0.22000000000000003 0.44000000000000006 0.76 0.42000000000000004 0.12 0.06 0.8 1.0 1.0 1.0 1.0
0.98 0.04 -0.04 1 1.0 1.0 0.44000000000000006 0.6 0.2 0.2 0.42000000000000004 0.76 0.42000000000000004 0.12 0.06 0.8 1.0 1.0 1.0 1.0
