0.0 0.0 0.004582701006162488 1 0.6599999999999999 0.36 0.26 0.26 0.36 1.0 1.0 1.0 1.0 1.0 1.0 0.45999999999999996 0.62 0.62 0.6799999999999999 0.38
0.12982565293476478 0.009721483876427234 0.004778019667364611 1 0.6599999999999999 0.36 0.26 0.26 0.36 1.0 1.0 1.0 1.0 1.0 1.0 0.45999999999999996 0.62 0.62 0.6799999999999999 0.38
0.3794836898720152 0.005585053635164321 0.005809213116870277 1 0.6599999999999999 0.36 0.26 0.26 1.0 1.0 1.0 1.0 1.0 1.0 1.0 0.48 0.62 0.62 0.42000000000000004 0.38
0.5030201509761834 0.016912240600749612 0.006765643220057603 1 0.6799999999999999 0.33999999999999997 0.26 0.26 1.0 1.0 1.0 1.0 1.0 1.0 1.0 0.48 0.64 0.64 0.42000000000000004 0.4
0.5024375637658542 0.013718288531026603 0.0112430885055619 1 0.7 0.33999999999999997 0.26 0.26 1.0 1.0 1.0 1.0 1.0 1.0 1.0 0.48 0.6599999999999999 0.6599999999999999 0.42000000000000004 0.4
0.4985451850939774 0.002391101045292646 0.012377967087669292 1 0.44000000000000006 0.32 0.26 0.27999999999999997 1.0 1.0 1.0 1.0 1.0 1.0 1.0 0.5 0.6799999999999999 0.6799999999999999 0.42000000000000004 0.36
0.4986692151739286 0.004921828717546165 0.013171561789209661 1 0.44000000000000006 0.3 0.26 0.26 0.9800000000000001 0.9800000000000001 0.9800000000000001 1.0 1.0 1.0 1.0 0.5 0.7 0.7 0.44000000000000006 0.36
0.5000258235250921 0.006126106034414709 0.01939885635833493 1 0.44000000000000006 0.3 0.26 0.26 0.96 0.96 0.96 1.0 1.0 1.0 1.0 0.52 0.76 0.72 0.45999999999999996 0.38
0.49712789553162495 0.008395034041190923 0.020900552793701278 1 0.45999999999999996 0.27999999999999997 0.24 0.24 0.9400000000000001 0.9400000000000001 0.9400000000000001 1.0 1.0 1.0 1.0 0.52 0.5599999999999999 0.74 0.45999999999999996 0.38
0.5020724041537892 0.004258603539853678 0.02362499557876806 1 0.45999999999999996 0.26 0.24 0.24 0.9199999999999999 0.9199999999999999 0.9199999999999999 1.0 1.0 1.0 1.0 0.54 0.5599999999999999 0.76 0.48 0.32
0.49828231263250616 -0.002932153184468702 0.024764097278909363 1 0.48 0.26 0.24 0.24 0.9 0.9 0.9 1.0 1.0 1.0 1.0 0.54 0.5599999999999999 0.78 0.48 0.3
0.49814910626241005 0.002391101045292646 0.02456924890745374 1 0.48 0.26 0.24 0.24 0.9 0.8800000000000001 0.8800000000000001 1.0 1.0 1.0 1.0 0.5599999999999999 0.5599999999999999 0.8 0.5 0.32
0.5003068591864109 -0.006649704845220656 0.02367367237820603 1 0.5 0.26 0.24 0.26 0.8800000000000001 0.86 0.86 1.0 1.0 1.0 1.0 0.58 0.58 0.82 0.52 0.32
0.4970769811251253 0.003054326222985134 0.024492871119213926 1 0.52 0.26 0.24 0.42000000000000004 0.86 0.8400000000000001 0.8400000000000001 1.0 0.82 1.0 1.0 0.58 0.58 0.8400000000000001 0.54 0.33999999999999997
0.49979816506355235 0.0026703537790657285 0.025548273683042747 1 0.52 0.26 0.24 0.44000000000000006 0.86 0.82 0.82 1.0 0.8 1.0 1.0 0.6 0.6 0.86 0.54 0.26
0.4991522334748978 0.012252212068829418 0.026886839004194495 1 0.54 0.26 0.24 0.44000000000000006 0.8400000000000001 0.8 0.8 1.0 0.78 1.0 1.0 0.62 0.62 0.8800000000000001 0.48 0.26
0.49900467782563135 0.0018675023645238654 0.02893066913587115 1 0.5599999999999999 0.24 0.24 0.64 0.82 0.78 0.78 1.0 0.76 1.0 1.0 0.62 0.62 0.9 0.48 0.27999999999999997
0.49690592252044685 0.006265732141226918 0.030405052483744532 1 0.58 0.24 0.24 0.64 0.8 0.76 0.76 1.0 0.74 1.0 1.0 0.64 0.64 0.9199999999999999 0.48 0.27999999999999997
0.4972192018409405 0.01171115966957903 0.03613710534045882 1 0.58 0.24 0.24 0.64 0.8 0.76 0.76 1.0 0.74 1.0 1.0 0.6599999999999999 0.6599999999999999 0.9400000000000001 0.5 0.26
0.4975874355999249 0.0063879051797433506 0.037888180598411286 1 0.52 0.24 0.24 0.62 0.78 0.74 0.74 1.0 0.7 1.0 1.0 0.6799999999999999 0.6799999999999999 0.96 0.42000000000000004 0.26
0.49734674308509486 0.0067893309520328645 0.03954732601914495 1 0.44000000000000006 0.26 0.26 0.62 0.76 0.72 0.72 0.96 0.6799999999999999 1.0 1.0 0.7 0.7 1.0 0.42000000000000004 0.27999999999999997
0.4971493807236032 0.002129301769926839 0.041241901639519025 1 0.42000000000000004 0.26 0.26 0.62 0.74 0.7 0.7 0.9400000000000001 0.6799999999999999 1.0 1.0 0.72 0.7 1.0 0.44000000000000006 0.24
0.4955257321840389 0.008656833186519565 0.043015118520466245 1 0.36 0.26 0.44000000000000006 0.62 0.74 0.6799999999999999 0.6799999999999999 0.9199999999999999 0.6599999999999999 1.0 1.0 0.74 0.72 1.0 0.45999999999999996 0.24
0.4971318664723008 0.009180432517474175 0.04801427697528128 1 0.36 0.26 0.44000000000000006 0.62 0.72 0.6599999999999999 0.6599999999999999 0.9 0.64 0.9 1.0 0.78 0.74 1.0 0.36 0.24
0.4977747475660689 0.007993608268901409 0.04998853926889128 1 0.36 0.27999999999999997 0.44000000000000006 0.7 0.72 0.6599999999999999 0.64 0.9 0.62 0.8800000000000001 1.0 0.8 0.76 1.0 0.38 0.26
0.4976167976734628 0.004258603539853678 0.04911523029428958 1 0.38 0.27999999999999997 0.44000000000000006 0.7 0.72 1.0 0.62 0.8800000000000001 0.6 0.8800000000000001 1.0 0.8400000000000001 0.76 1.0 0.4 0.27999999999999997
0.4963105149365419 0.0005410520741574728 0.05062862785958208 1 0.36 0.3 0.45999999999999996 0.6799999999999999 0.7 1.0 0.6 0.86 0.58 0.86 1.0 1.0 0.78 1.0 0.4 0.27999999999999997
0.49989434371172015 -0.059114304855738646 0.05028519102627161 1 0.36 0.3 0.45999999999999996 0.6799999999999999 0.7 1.0 0.6 0.86 0.5599999999999999 0.86 1.0 1.0 0.8 1.0 0.38 0.3
0.4964068079613839 -0.11744321019489672 0.04283276486278473 1 0.3 0.3 0.45999999999999996 0.6599999999999999 0.72 1.0 0.5599999999999999 0.8400000000000001 0.54 0.8400000000000001 1.0 1.0 0.82 1.0 0.38 0.32
0.49811245542509996 -0.11505210758915807 0.03583245740266039 1 0.32 0.32 0.45999999999999996 0.6599999999999999 0.72 1.0 0.5599999999999999 0.8400000000000001 0.52 0.82 1.0 1.0 0.8400000000000001 1.0 0.32 0.32
0.4969668140294051 -0.11051424741441633 0.028266881426008413 1 0.33999999999999997 0.33999999999999997 0.62 0.64 0.74 1.0 0.54 0.82 0.5 0.82 1.0 0.9199999999999999 0.86 0.8 0.33999999999999997 0.33999999999999997
0.5001690907585328 -0.01331686275873709 0.023844037642543572 1 0.33999999999999997 0.33999999999999997 0.62 0.64 0.74 1.0 0.5 0.8 0.5 0.8 1.0 0.9199999999999999 0.86 0.82 0.36 0.36
0.4991345685188597 0.01570796328388107 0.018943557846654486 1 0.36 0.36 0.62 0.64 0.74 1.0 0.5 0.8 0.48 0.78 1.0 0.9400000000000001 0.8800000000000001 0.8400000000000001 0.38 0.38
0.4978984931598658 0.014782939220934273 0.019950092026100916 1 0.38 0.38 0.64 0.62 0.78 1.0 0.48 0.78 0.45999999999999996 0.78 1.0 1.0 0.9 0.86 0.4 0.4
0.4963812714766141 0.011309733897289516 0.020909641113065067 1 0.38 0.38 0.64 0.62 0.76 1.0 0.45999999999999996 0.76 0.44000000000000006 0.76 1.0 1.0 0.9199999999999999 0.8800000000000001 0.4 0.4
0.49946854713931044 0.016510814828460098 0.023871939736967777 1 0.4 0.4 0.62 0.62 0.76 1.0 0.44000000000000006 0.76 0.42000000000000004 0.76 1.0 1.0 0.9400000000000001 0.9 0.42000000000000004 0.42000000000000004
0.5000864160935167 -0.05326745103494836 0.022001690751308093 1 0.42000000000000004 0.42000000000000004 0.6 0.6 0.74 1.0 0.42000000000000004 0.74 0.4 0.74 1.0 1.0 0.96 0.9199999999999999 0.44000000000000006 0.44000000000000006
0.5012101442752753 -0.10519099604547263 0.03137893557357153 1 0.44000000000000006 0.44000000000000006 0.6 0.6 0.74 1.0 0.4 0.72 0.38 0.74 1.0 1.0 0.9800000000000001 0.9400000000000001 0.45999999999999996 0.54
0.49591040911206785 -0.11491248304279185 0.023797515809974797 1 0.44000000000000006 0.44000000000000006 0.6 0.6 0.76 1.0 0.38 0.72 0.36 0.72 1.0 1.0 0.9800000000000001 0.82 0.45999999999999996 0.5599999999999999
0.5005544532018329 -0.11545352920025827 0.01605786119967943 1 0.45999999999999996 0.5599999999999999 0.6 0.6 0.8400000000000001 1.0 0.36 0.7 0.33999999999999997 0.7 1.0 1.0 1.0 0.6599999999999999 0.48 0.58
0.49942064904176386 -0.11611675619847107 0.007197731792195746 1 0.48 0.58 0.6 0.6 0.8400000000000001 1.0 0.36 0.7 0.32 0.7 1.0 1.0 1.0 0.62 0.5 0.58
0.49790834769774417 -0.11091567734789516 -0.0010750664896448444 1 0.48 0.6 0.6 0.6 0.82 1.0 0.33999999999999997 0.6799999999999999 0.3 0.6799999999999999 1.0 1.0 1.0 0.64 0.52 0.6
0.4972545004892662 -0.11372565359273244 -0.012277637779591732 1 0.5 0.6 0.6 0.6 1.0 1.0 0.32 0.6799999999999999 0.3 0.6799999999999999 1.0 1.0 1.0 0.54 0.54 0.6799999999999999
0.4964269031369034 -0.09733701752442409 -0.02113240648334728 1 0.52 0.62 0.6 0.62 1.0 1.0 0.3 0.6599999999999999 0.27999999999999997 0.6599999999999999 1.0 1.0 1.0 0.5599999999999999 0.54 0.7
0.5000478324483932 -0.0984016661337371 -0.04610540638503269 1 0.54 0.64 0.6 0.62 0.9800000000000001 0.9800000000000001 0.27999999999999997 0.64 0.26 0.6599999999999999 1.0 1.0 1.0 0.5599999999999999 0.5599999999999999 0.7
0.4997971657828284 -0.09773843913552428 -0.05509591150141702 1 0.5599999999999999 0.64 0.6 0.62 0.96 0.96 0.26 0.64 0.24 0.64 1.0 1.0 1.0 0.58 0.58 0.72
0.49928912591421953 -0.10360274498431302 -0.060396059272048226 1 0.5599999999999999 0.6599999999999999 0.6 0.64 0.9400000000000001 0.9400000000000001 0.24 0.62 0.22000000000000003 0.62 1.0 1.0 1.0 0.6 0.6 0.74
0.4993762228165911 -0.1173035856485305 -0.05755953886984357 1 0.58 0.62 0.62 0.6599999999999999 0.9199999999999999 0.9199999999999999 0.22000000000000003 0.62 0.2 0.62 1.0 1.0 1.0 0.62 0.62 0.58
0.4994814891242697 -0.1211782105026808 -0.06296507359090767 1 0.62 0.62 0.62 0.6599999999999999 0.8800000000000001 0.8800000000000001 0.2 0.6 0.18 0.6 1.0 1.0 1.0 0.64 0.64 0.6
0.4988677488841365 -0.12782791586805012 -0.0769194675110009 1 0.62 0.62 0.62 0.6799999999999999 0.8800000000000001 0.8800000000000001 0.2 0.2 0.16 0.6 1.0 1.0 1.0 0.6599999999999999 0.6599999999999999 0.6
0.47102702667567287 -0.1821600238346901 -0.09015808441078216 1 0.64 0.64 0.64 0.74 0.86 0.86 0.18 0.18 0.13999999999999999 0.58 1.0 1.0 1.0 0.6799999999999999 0.6799999999999999 0.6
0.3742474033471571 -0.2731091247361002 -0.10606440777318214 1 0.6599999999999999 0.64 0.64 0.74 0.8400000000000001 0.8400000000000001 0.16 0.16 0.12 0.58 1.0 1.0 1.0 0.6799999999999999 0.76 0.62
0.26991517985344304 -0.31518901855331616 -0.1278508337616269 1 0.76 0.64 0.64 0.74 0.82 0.82 0.13999999999999999 0.13999999999999999 0.1 0.5599999999999999 1.0 1.0 1.0 0.7 0.78 0.62
0.1321134038821893 -0.3592585767204132 -0.15186331325328783 1 0.76 0.64 0.64 1.0 0.82 0.78 0.13999999999999999 0.13999999999999999 0.1 0.5599999999999999 1.0 1.0 1.0 0.7 0.78 0.62
-0.0567113672270072 -0.26712265469132235 -0.1713691083952018 1 0.76 0.64 0.6599999999999999 1.0 0.82 0.7 0.13999999999999999 0.5599999999999999 0.12 0.54 1.0 1.0 0.8400000000000001 0.7 0.64 0.64
-0.14087800584927104 -0.3532720900308781 -0.19418652325074257 1 0.78 0.64 0.6599999999999999 1.0 0.82 0.6799999999999999 0.13999999999999999 0.5599999999999999 0.13999999999999999 0.54 1.0 1.0 0.72 0.7 0.64 0.64
-0.16602534611633418 -0.3452785119305992 -0.21162615849187016 1 0.64 0.64 0.6799999999999999 0.82 0.82 0.6799999999999999 0.13999999999999999 1.0 0.54 0.54 1.0 1.0 0.7 0.7 0.64 0.64
-0.11221839050095446 -0.30613077519896703 -0.22730352174639745 1 0.62 0.62 0.6799999999999999 0.82 0.82 0.13999999999999999 0.13999999999999999 1.0 0.54 0.54 1.0 1.0 0.6799999999999999 0.6799999999999999 0.64 0.64
0.014437940474330084 0.00532325448983568 -0.22859635122035782 1 0.62 0.62 0.6799999999999999 0.82 0.82 0.13999999999999999 0.13999999999999999 1.0 0.54 0.62 1.0 1.0 0.6799999999999999 0.6799999999999999 0.64 0.64
0.08040702319256615 0.13329080010573865 -0.2243054866185101 1 0.62 0.62 0.6799999999999999 0.82 0.82 0.13999999999999999 0.13999999999999999 1.0 0.54 0.6 1.0 1.0 0.6799999999999999 0.6799999999999999 0.64 0.64
0.1059331774205064 0.1869596727517872 -0.21647774024647845 1 0.62 0.62 0.6799999999999999 0.82 0.82 0.13999999999999999 0.13999999999999999 1.0 0.54 0.5599999999999999 1.0 1.0 0.6799999999999999 0.6799999999999999 0.64 0.64
0.1844636653824377 0.21252874965994836 -0.20614937536373568 1 0.64 0.64 0.6799999999999999 0.82 0.82 0.13999999999999999 0.13999999999999999 1.0 0.54 0.54 1.0 1.0 0.6799999999999999 0.6799999999999999 0.64 0.64
0.24535522076047145 0.3537957008051033 -0.18772960237473696 1 0.64 0.64 0.6799999999999999 0.82 0.82 0.6799999999999999 0.13999999999999999 0.62 0.54 0.54 1.0 1.0 0.7 0.7 0.64 0.64
0.3034697506534336 0.35885717175407034 -0.16959917502916508 1 0.76 0.6599999999999999 0.6599999999999999 1.0 0.8 0.6799999999999999 0.12 0.12 0.12 0.54 1.0 1.0 0.86 0.72 0.64 0.64
0.3785642639157522 0.37749726923699384 -0.15310457711828104 1 0.78 0.6599999999999999 0.6599999999999999 1.0 0.8 0.6799999999999999 0.1 0.1 0.08 0.54 1.0 1.0 1.0 0.72 0.6599999999999999 0.64
0.4380566355284319 0.37723548049463845 -0.13446185549716605 1 0.8 0.6599999999999999 0.6599999999999999 1.0 0.78 0.76 0.1 0.08 0.06 0.52 1.0 1.0 1.0 0.76 0.82 0.64
0.32589378583166645 0.3154508072956715 -0.11642815584946915 1 0.78 0.6599999999999999 0.6599999999999999 0.74 0.76 0.76 0.52 0.06 0.06 0.52 1.0 1.0 1.0 0.76 0.8400000000000001 0.64
0.05875477252574379 0.0844215763767872 -0.10713489280384401 1 0.76 0.6599999999999999 0.6599999999999999 0.74 0.76 0.76 0.62 0.06 0.04 0.1 1.0 1.0 1.0 0.78 0.8400000000000001 0.64
-0.004123719052702943 -0.0067893309520328645 -0.1078698593654182 1 0.76 0.6599999999999999 0.6599999999999999 0.74 0.76 0.76 0.62 0.06 0.04 0.1 1.0 1.0 1.0 0.78 0.82 0.64
0.03160950590964866 0.03954916250392175 -0.1071698446287062 1 0.76 0.6599999999999999 0.6599999999999999 0.74 0.76 0.76 0.62 0.06 0.04 0.1 1.0 1.0 1.0 0.78 0.82 0.64
0.0909195152823482 -0.003857177767564163 -0.10785084891110104 1 0.76 0.6799999999999999 0.6799999999999999 0.74 0.76 0.76 0.62 0.06 0.04 0.1 1.0 1.0 1.0 0.78 0.8 0.64
0.06029430955267274 -0.004799655679029733 -0.10803572182066681 1 0.76 0.6799999999999999 0.6799999999999999 0.74 0.74 0.74 0.62 0.06 0.04 0.08 1.0 1.0 1.0 0.78 0.82 0.64
0.03069684515777077 0.00532325448983568 -0.10818691853712438 1 0.76 0.6799999999999999 0.6799999999999999 0.74 0.74 0.74 0.62 0.08 0.04 0.08 1.0 1.0 1.0 0.78 0.8 0.64
0.03710649635856696 -0.0016057029591208922 -0.10861310776510763 1 0.76 0.6799999999999999 0.6799999999999999 0.74 0.74 0.74 0.62 0.08 0.04 0.08 1.0 1.0 1.0 0.78 0.82 0.64
0.055708477807887034 -0.015184364993223788 -0.10892545488559086 1 0.76 0.6799999999999999 0.6799999999999999 0.74 0.74 0.74 0.62 0.08 0.04 0.08 1.0 1.0 1.0 0.8 0.82 0.64
0.05460500965782828 -0.002129301769926839 -0.10970463350804549 1 0.76 0.6799999999999999 0.6799999999999999 0.74 0.74 0.74 0.62 0.08 0.04 0.08 1.0 1.0 1.0 0.8 0.8400000000000001 0.64
0.05974807038807773 -0.0017278759976373241 -0.11031526244916855 1 0.78 0.6799999999999999 0.6799999999999999 0.74 0.74 0.74 0.62 0.1 0.04 0.08 1.0 1.0 1.0 0.8 0.86 0.64
0.06426779300060044 0.005061454824358374 -0.11081917943929512 1 0.78 0.6799999999999999 0.6799999999999999 0.74 0.74 0.74 0.62 0.5 0.04 0.06 1.0 1.0 1.0 0.8 0.86 0.64
0.141220141230804 -0.011588986110913933 -0.11077274683960256 1 0.78 0.6799999999999999 0.6799999999999999 0.74 0.74 0.74 0.62 0.5 0.04 0.06 1.0 1.0 1.0 0.8 0.86 0.64
0.31510881292752757 0.007731808603424103 -0.1140768331739894 1 0.78 0.6799999999999999 0.6799999999999999 0.74 0.72 0.72 0.6 0.5 0.02 0.04 1.0 1.0 1.0 0.8 0.8800000000000001 0.64
0.39221641291406617 0.0019896754030402975 -0.11514678291352072 1 0.8 0.6799999999999999 0.6799999999999999 0.74 0.7 0.7 0.6 0.48 0.02 0.02 0.5599999999999999 1.0 1.0 0.82 0.8800000000000001 0.6599999999999999
0.47620823356356756 -0.0043982299067402185 -0.11671197716146174 1 0.82 0.6799999999999999 0.6799999999999999 0.74 0.7 0.7 0.58 0.48 0.02 0.02 0.5 1.0 1.0 0.8400000000000001 0.9 0.6599999999999999
0.5029063298641361 0.007993608268901409 -0.12061877246030246 1 1.0 0.7 0.7 1.0 0.6799999999999999 0.6799999999999999 0.58 0.45999999999999996 0.0 0.0 0.5 1.0 1.0 0.86 0.9199999999999999 0.6599999999999999
0.5008010173729945 0.009581858289763689 -0.12827460098224774 1 1.0 0.7 0.7 1.0 0.6599999999999999 0.6599999999999999 0.5599999999999999 0.45999999999999996 -0.0 -0.0 0.48 1.0 1.0 0.8800000000000001 0.9400000000000001 0.6599999999999999
0.4956696428180654 0.012112585441868546 -0.13138645447135242 1 1.0 0.7 0.7 0.9800000000000001 0.64 0.64 0.5599999999999999 0.54 -0.0 -0.0 0.48 1.0 1.0 0.9 0.74 0.6799999999999999
0.49545983542336625 0.007190756724322379 -0.13855693122982213 1 1.0 0.7 0.7 0.9800000000000001 0.62 0.62 0.54 0.54 0.52 0.0 0.04 1.0 1.0 0.9199999999999999 0.76 0.6799999999999999
0.498095945275511 0.005061454824358374 -0.14187573222162717 1 1.0 0.72 0.72 0.96 0.6 0.6 0.52 0.52 0.52 0.02 0.02 1.0 1.0 0.9400000000000001 0.76 0.6799999999999999
0.4963917889224737 0.005864306368937404 -0.14539354130544563 1 1.0 0.72 0.72 0.9400000000000001 0.58 0.58 0.52 0.52 0.5 0.02 0.02 1.0 1.0 0.96 0.76 0.7
0.4980736508703849 0.007592182496611894 -0.14722379766128013 1 1.0 0.72 0.72 0.9400000000000001 0.5599999999999999 0.5599999999999999 0.5 0.5 0.5 0.44000000000000006 0.04 0.04 1.0 0.9800000000000001 0.76 0.7
0.4988014161869381 0.008656833186519565 -0.15260562781952566 1 1.0 0.72 0.72 0.9199999999999999 0.54 0.54 0.48 0.48 0.48 0.44000000000000006 0.04 0.04 1.0 1.0 0.78 0.7
0.4997346070749775 0.002530727412179187 -0.15097169988158055 1 1.0 0.74 0.74 0.9199999999999999 0.52 0.52 0.48 0.48 0.54 0.44000000000000006 0.06 0.06 1.0 1.0 0.78 0.7
0.49864332244686077 0.002932153184468702 -0.15413229411082377 1 1.0 0.74 0.74 0.9 0.5 0.5 0.52 0.45999999999999996 0.52 0.44000000000000006 0.44000000000000006 0.06 0.06 1.0 0.78 0.72
0.4968009516962014 0.07855727052799845 -0.15696657140995213 1 1.0 0.74 0.74 0.9 0.48 0.48 0.52 0.44000000000000006 0.5 0.45999999999999996 0.42000000000000004 0.08 0.08 1.0 0.78 0.72
0.49805471793738154 0.12903219734610796 -0.15252115600227645 1 1.0 0.74 0.74 0.8800000000000001 0.45999999999999996 0.45999999999999996 0.5 0.44000000000000006 0.5 0.44000000000000006 0.42000000000000004 0.1 0.1 1.0 0.8 0.72
0.4988647976012812 0.13208651862768078 -0.14742865261869964 1 1.0 0.76 0.74 0.86 0.44000000000000006 0.44000000000000006 0.5 0.42000000000000004 0.48 0.44000000000000006 0.42000000000000004 0.12 0.12 1.0 0.8 0.74
0.5000394743122666 0.048205996730738644 -0.1473273216357676 1 1.0 0.76 0.76 0.86 0.42000000000000004 0.42000000000000004 0.48 0.48 0.48 0.42000000000000004 0.42000000000000004 0.45999999999999996 0.13999999999999999 1.0 0.82 0.74
0.496403360694142 -0.0031939525898716753 -0.15036624424332082 1 1.0 0.76 0.74 0.8400000000000001 0.4 0.4 0.48 0.45999999999999996 0.52 0.42000000000000004 0.44000000000000006 0.44000000000000006 0.13999999999999999 0.13999999999999999 0.82 0.74
0.49705430099327 -0.006126106034414709 -0.15139347542653775 1 1.0 0.78 0.74 0.8400000000000001 0.38 0.38 0.52 0.44000000000000006 0.52 0.4 0.42000000000000004 0.44000000000000006 0.16 0.16 0.8400000000000001 0.76
0.49808799684720445 -0.008796459813480437 -0.1527539950219436 1 1.0 0.78 0.76 0.82 0.36 0.36 0.5 0.44000000000000006 0.5 0.4 0.42000000000000004 0.44000000000000006 0.18 0.18 0.8400000000000001 0.76
0.4948906862203867 -0.005585053635164321 -0.1555968005597321 1 1.0 0.76 0.76 0.82 0.33999999999999997 0.33999999999999997 0.5 0.42000000000000004 0.48 0.4 0.4 0.44000000000000006 0.2 0.2 0.8400000000000001 0.78
0.49713217497433176 -0.003054326222985134 -0.16051401171021468 1 1.0 0.76 0.76 0.8 0.32 0.32 0.48 0.42000000000000004 1.0 0.4 0.4 0.44000000000000006 0.22000000000000003 0.22000000000000003 0.8400000000000001 0.78
0.49751675028353065 0.06963863923644759 -0.16242818483094054 1 1.0 0.76 0.76 0.8 0.3 0.3 0.45999999999999996 0.4 1.0 0.4 0.4 0.45999999999999996 0.24 0.24 0.8400000000000001 0.78
0.498005922627644 0.1546012659318905 -0.15917646184204476 1 1.0 0.78 0.78 0.78 0.27999999999999997 0.27999999999999997 1.0 0.38 1.0 0.38 0.38 0.45999999999999996 0.26 0.26 0.86 0.76
0.4997797954432497 0.18175858557883265 -0.1497848313463594 1 1.0 0.78 0.78 0.78 0.26 0.26 1.0 0.44000000000000006 1.0 0.4 0.38 0.45999999999999996 0.27999999999999997 0.27999999999999997 0.86 0.76
0.5015516873724514 0.16763887127551652 -0.14307264376604747 1 1.0 0.78 0.78 0.76 0.24 0.24 1.0 0.42000000000000004 1.0 0.4 0.38 0.45999999999999996 0.3 0.3 0.9 0.76
0.4995417516593883 0.1391551059545274 -0.13470416808687352 1 1.0 0.78 0.78 0.76 0.24 0.24 1.0 1.0 1.0 0.38 0.38 0.45999999999999996 0.32 0.32 0.9 0.76
0.4992740617080744 0.04501204258042098 -0.12699916760315036 1 1.0 0.78 0.78 0.74 0.22000000000000003 0.2 1.0 1.0 1.0 0.38 0.38 0.42000000000000004 0.36 0.33999999999999997 0.9199999999999999 0.76
0.49561509123592745 0.002932153184468702 -0.12761707370580452 1 1.0 0.8 0.8 0.74 0.2 0.2 1.0 1.0 1.0 0.38 0.38 0.38 0.52 0.36 0.9199999999999999 0.78
0.4955175611891877 -0.003857177767564163 -0.12325765845028527 1 1.0 0.8 0.8 0.24 0.18 0.16 1.0 1.0 1.0 0.38 0.36 0.38 0.54 0.38 0.9199999999999999 0.78
0.4996797156843342 0.06684611085841942 -0.11939313656856107 1 1.0 0.8 0.8 0.2 0.16 0.16 1.0 1.0 1.0 0.4 0.36 0.38 0.52 0.4 0.9199999999999999 0.8
0.4985111460424351 0.13875367602104857 -0.11104176347835346 1 1.0 0.8 0.8 0.18 0.13999999999999999 0.13999999999999999 1.0 1.0 1.0 0.4 0.36 0.38 0.52 0.42000000000000004 1.0 0.8
0.5006024545722518 0.17617353714515496 -0.1028703187537224 1 1.0 0.82 0.82 0.16 0.12 0.12 0.9800000000000001 1.0 1.0 1.0 0.36 0.38 0.5599999999999999 0.44000000000000006 1.0 0.8
0.4986428066157146 0.19561651113979342 -0.08935342692769538 1 1.0 0.82 0.82 0.16 0.1 0.1 0.96 1.0 1.0 1.0 0.36 0.38 0.5599999999999999 0.45999999999999996 1.0 0.8
0.4852757758301146 0.2291617390873709 -0.07210363375983393 1 1.0 0.82 0.82 0.13999999999999999 0.1 0.08 0.08 1.0 1.0 1.0 0.36 0.36 0.52 0.5 1.0 0.8
0.3496973735127747 0.2725680702562552 -0.05352645597422831 1 1.0 0.82 0.82 0.12 0.08 0.06 0.06 1.0 1.0 1.0 0.36 0.36 0.48 0.5 1.0 0.82
0.1371287554792776 0.3088011268974381 -0.04536894123122578 1 1.0 0.9199999999999999 0.82 0.12 0.06 0.06 0.04 0.9199999999999999 0.82 1.0 0.36 0.36 0.42000000000000004 0.52 1.0 0.9
-0.09165986221799147 0.21478021939694217 -0.020233211782148406 1 0.5 0.9199999999999999 0.82 0.12 0.08 0.06 0.04 0.9199999999999999 0.82 0.9 0.38 0.36 0.44000000000000006 0.52 0.54 0.9
-0.3893406547807868 0.2918888883772831 -0.0017783296237096908 1 0.5 0.9199999999999999 0.82 0.6599999999999999 0.08 0.06 0.06 0.9199999999999999 0.82 0.9199999999999999 0.38 0.36 0.4 0.52 0.52 1.0
-0.5102254619730238 0.18908896997041322 0.01279980685099465 1 0.48 0.9400000000000001 0.82 0.6599999999999999 0.1 0.08 0.08 0.9400000000000001 0.8400000000000001 1.0 0.38 0.36 0.4 0.52 0.52 1.0
-0.5059567250192747 0.11410963149821282 0.017620046682616217 1 0.45999999999999996 1.0 0.82 0.6799999999999999 0.13999999999999999 0.1 0.1 1.0 1.0 1.0 0.36 0.33999999999999997 0.38 0.48 0.48 1.0
-0.4974532885933479 0.020647245069723014 0.023523026863616483 1 0.45999999999999996 1.0 0.82 0.7 0.16 0.12 0.12 1.0 1.0 1.0 0.36 0.32 0.36 0.48 0.48 1.0
-0.49636855677858455 -0.004921828717546165 0.0221871253100322 1 0.42000000000000004 1.0 0.82 0.72 0.18 0.13999999999999999 0.13999999999999999 1.0 1.0 1.0 0.36 0.32 0.33999999999999997 0.45999999999999996 0.45999999999999996 1.0
-0.50181831588964 -0.015585790765513302 -0.004373105554249649 1 0.42000000000000004 1.0 0.82 0.72 0.2 0.16 0.16 1.0 1.0 1.0 0.32 0.32 0.33999999999999997 0.44000000000000006 0.44000000000000006 1.0
-0.4974266778764689 -0.018238690435985923 -0.0051847255731735506 1 0.4 1.0 0.82 0.74 0.22000000000000003 0.18 0.18 1.0 1.0 1.0 0.3 0.3 0.32 0.5 0.42000000000000004 1.0
-0.49844862177566984 -0.008517207079707356 -0.005738001328724577 1 0.38 1.0 0.82 0.78 0.24 0.2 0.2 1.0 1.0 1.0 0.3 0.3 0.32 0.5 0.4 1.0
-0.49516646481763005 -0.018500489581314564 -0.0133652460122794 1 0.36 1.0 0.82 0.82 0.26 0.22000000000000003 0.22000000000000003 1.0 1.0 1.0 0.3 0.3 0.33999999999999997 0.48 0.38 1.0
-0.4970497766226532 -0.015847589910841942 -0.013806985122249229 1 0.33999999999999997 1.0 0.8400000000000001 0.8400000000000001 0.27999999999999997 0.24 0.24 1.0 1.0 1.0 0.3 0.27999999999999997 0.32 0.48 0.36 1.0
-0.49840913936687214 -0.015987216537802818 -0.009125318900022598 1 0.32 1.0 0.82 0.82 0.3 0.26 0.26 1.0 1.0 1.0 0.3 0.27999999999999997 0.32 0.45999999999999996 0.33999999999999997 1.0
-0.49779828947707505 -0.014782939220934273 -0.009543042105572754 1 0.3 1.0 0.8400000000000001 0.8400000000000001 0.32 0.27999999999999997 0.27999999999999997 1.0 1.0 1.0 0.27999999999999997 0.26 0.36 0.45999999999999996 0.32 1.0
-0.4766868037369929 0.03954916250392175 -0.0066184542050771455 1 0.27999999999999997 1.0 0.8400000000000001 0.8400000000000001 0.33999999999999997 0.27999999999999997 0.27999999999999997 1.0 1.0 0.36 0.3 0.26 0.33999999999999997 1.0 0.32 1.0
-0.3981573586314734 0.13035864302015496 0.00030982877772135677 1 0.26 1.0 0.8400000000000001 0.8400000000000001 0.36 0.32 0.32 1.0 1.0 0.36 0.26 0.26 0.32 0.42000000000000004 0.3 1.0
-0.300047460308702 0.14980161701479341 0.011537339366122053 1 0.26 1.0 0.9 0.86 0.4 0.32 0.32 1.0 1.0 0.36 0.24 0.24 0.32 0.4 0.27999999999999997 0.3
-0.23216290935474648 0.18135716396773244 0.023528283441328842 1 0.24 0.27999999999999997 0.9 0.8400000000000001 0.8800000000000001 0.33999999999999997 0.33999999999999997 1.0 1.0 0.36 0.24 0.24 0.3 0.38 0.27999999999999997 0.27999999999999997
-0.12797096831631144 0.215984500875 0.036351262603014314 1 0.24 0.26 0.9 0.86 0.8800000000000001 0.33999999999999997 0.33999999999999997 1.0 1.0 0.36 0.24 0.24 0.3 0.36 0.26 0.26
0.07204144894215034 0.15659094692652895 0.04932699083007318 1 0.24 0.24 0.9 0.86 0.8800000000000001 0.33999999999999997 0.33999999999999997 1.0 1.0 1.0 0.27999999999999997 0.24 0.3 0.32 0.26 0.26
0.20688564027773265 0.16763887127551652 0.06134150564571924 1 0.26 0.26 0.9 0.86 0.8800000000000001 0.33999999999999997 0.33999999999999997 1.0 1.0 1.0 0.27999999999999997 0.24 0.26 0.32 0.26 0.26
0.26190768400227915 0.08281587328762914 0.06914742049856491 1 0.26 0.26 0.9 0.8400000000000001 0.8800000000000001 0.33999999999999997 0.33999999999999997 1.0 1.0 1.0 0.27999999999999997 0.24 0.26 0.32 0.27999999999999997 0.27999999999999997
0.31842489951084435 -0.0039968041344507045 0.07016122357509678 1 0.26 0.26 0.8800000000000001 0.8400000000000001 0.86 0.33999999999999997 0.32 1.0 0.3 1.0 0.27999999999999997 0.24 0.27999999999999997 0.33999999999999997 0.27999999999999997 0.27999999999999997
0.3329272734861408 0.01384046104939437 0.07252355122653793 1 0.27999999999999997 0.27999999999999997 0.8800000000000001 0.8400000000000001 0.8400000000000001 0.32 0.32 1.0 0.3 1.0 0.27999999999999997 0.24 0.27999999999999997 0.36 0.3 0.3
0.33506295188025714 0.004258603539853678 0.07443639373453775 1 0.27999999999999997 0.27999999999999997 0.8800000000000001 0.82 0.8400000000000001 0.32 0.3 1.0 0.27999999999999997 1.0 0.3 0.26 0.27999999999999997 0.36 0.3 0.3
0.37282482826912694 -0.07297222209432078 0.07360167372642737 1 0.3 0.3 0.86 0.82 0.82 0.3 0.3 1.0 0.26 1.0 0.3 0.26 0.27999999999999997 0.38 0.32 0.32
0.377593747665404 -0.14247123262321282 0.06697725460984684 1 0.3 0.32 0.86 0.8 0.8 0.27999999999999997 0.27999999999999997 1.0 0.24 1.0 0.3 0.27999999999999997 0.3 0.4 0.32 0.33999999999999997
0.36638573155172316 -0.2001369109641581 0.05605049951072266 1 0.32 0.33999999999999997 0.86 0.8 0.8 0.27999999999999997 0.26 1.0 1.0 1.0 0.3 0.27999999999999997 0.3 0.4 0.33999999999999997 1.0
0.3502121511946113 -0.17283995844847108 0.04606691241955976 1 0.32 1.0 0.86 0.8 0.78 0.26 0.24 1.0 1.0 1.0 0.3 0.3 0.32 0.44000000000000006 0.36 1.0
0.2632884075802991 -0.08335692776747418 0.040000564571971216 1 0.33999999999999997 1.0 0.8 0.8 0.78 0.24 0.24 1.0 1.0 1.0 0.32 0.3 0.32 0.44000000000000006 0.36 1.0
0.14331498526164077 0.0360934112888701 0.04164986416869644 1 0.33999999999999997 1.0 0.8 0.8 0.76 0.24 0.22000000000000003 1.0 1.0 1.0 0.32 0.32 0.32 0.45999999999999996 0.38 1.0
0.056804684856272485 0.1604481197526808 0.05060173167912259 1 0.33999999999999997 1.0 0.8 0.8 0.76 0.24 0.22000000000000003 1.0 1.0 1.0 0.32 0.32 0.32 0.45999999999999996 0.38 1.0
-0.012844006918837532 0.14833553014962292 0.06015183718536845 1 0.36 1.0 0.86 0.8 0.76 0.24 0.22000000000000003 1.0 1.0 1.0 0.32 0.32 0.32 0.45999999999999996 0.38 1.0
-0.0637117048652642 0.2782927515586777 0.07343660996202946 1 0.36 1.0 0.86 0.78 0.76 0.24 0.22000000000000003 1.0 0.2 1.0 0.36 0.32 0.32 0.45999999999999996 0.38 1.0
-0.07312161729479338 0.27431340621415806 0.08322732530517057 1 0.36 0.36 0.86 0.78 0.76 0.24 0.24 1.0 0.2 1.0 0.36 0.3 0.32 0.45999999999999996 0.38 1.0
-0.09069310459714705 0.1537984227096901 0.1023333185373102 1 0.36 0.36 0.86 0.8 0.76 0.26 0.24 1.0 0.2 1.0 0.36 0.3 0.3 0.45999999999999996 0.38 0.38
-0.005153607476805079 0.16365952593099692 0.11104263719304283 1 0.36 0.36 0.86 0.78 0.76 0.26 0.24 1.0 0.2 1.0 0.36 0.3 0.3 0.45999999999999996 0.38 0.38
0.0650275311726771 -0.0034557519952746482 0.11127342341439175 1 0.36 0.36 0.86 0.78 0.76 0.26 0.24 1.0 0.2 1.0 0.36 0.3 0.3 0.44000000000000006 0.38 0.38
0.09900674301010282 -0.10866419928852274 0.10732293237428686 1 0.36 0.36 0.86 0.78 0.76 0.26 0.24 1.0 0.2 1.0 0.36 0.3 0.3 0.45999999999999996 0.38 0.38
0.14499163004639257 -0.19374900266352274 0.0969953386760187 1 0.36 0.36 0.86 0.78 0.76 0.24 0.22000000000000003 1.0 0.2 1.0 0.36 0.32 0.32 0.45999999999999996 0.38 0.38
0.20465592356839718 -0.2676462488207903 0.08249056616728583 1 0.36 0.38 0.86 0.78 0.74 0.24 0.22000000000000003 1.0 0.2 1.0 0.36 0.32 0.32 0.45999999999999996 0.38 1.0
0.23294901690721234 -0.269513757297061 0.0669313928014811 1 0.36 1.0 0.86 0.78 0.74 0.22000000000000003 0.22000000000000003 1.0 0.18 1.0 0.38 0.32 0.32 0.45999999999999996 0.4 1.0
0.1812372128314255 -0.28975955786914254 0.049546975704286296 1 0.36 1.0 0.78 0.78 0.74 0.22000000000000003 0.2 1.0 1.0 1.0 0.38 0.32 0.33999999999999997 0.48 0.4 1.0
0.10402502987847109 -0.19121828383379652 0.035338949722254376 1 0.38 1.0 0.78 0.78 0.72 0.2 0.2 1.0 1.0 1.0 0.33999999999999997 0.33999999999999997 0.33999999999999997 0.48 0.4 1.0
0.06890587976399302 -0.03328342880224884 0.03366147157026958 1 0.38 1.0 0.78 0.78 0.72 0.2 0.2 1.0 1.0 1.0 0.33999999999999997 0.33999999999999997 0.33999999999999997 0.52 0.4 1.0
-0.04118053120800589 0.011990411883203447 0.03449475938150028 1 0.38 1.0 0.78 0.78 0.72 0.2 0.18 1.0 1.0 1.0 0.33999999999999997 0.33999999999999997 0.33999999999999997 0.52 0.4 1.0
-0.15046178111168357 0.07124433816441632 0.03544366148470643 1 0.38 1.0 0.78 0.78 0.72 0.2 0.2 1.0 1.0 1.0 0.33999999999999997 0.33999999999999997 0.33999999999999997 0.52 0.4 1.0
-0.18067861661587892 0.15140732010395147 0.046513741135024 1 0.36 1.0 0.78 0.78 0.74 0.2 0.2 1.0 1.0 1.0 0.32 0.32 0.33999999999999997 0.48 0.4 1.0
-0.18919710836058767 0.19441222966173555 0.051349121067585414 1 0.36 1.0 0.8 0.8 0.74 0.22000000000000003 0.2 1.0 1.0 1.0 0.32 0.32 0.32 0.45999999999999996 0.4 1.0
-0.19260569710745856 0.19959585648431302 0.06845242010471599 1 0.36 1.0 0.86 0.8 0.74 0.22000000000000003 0.22000000000000003 1.0 1.0 1.0 0.32 0.32 0.32 0.45999999999999996 0.38 1.0
-0.22320145462083396 0.24061110169221595 0.0829360751342658 1 0.36 1.0 0.86 0.78 0.76 0.24 0.22000000000000003 1.0 0.2 1.0 0.36 0.32 0.32 0.45999999999999996 0.38 1.0
-0.2082160389463825 0.23876105356632235 0.08919322531619725 1 0.36 1.0 0.86 0.78 0.76 0.24 0.24 1.0 0.2 1.0 0.36 0.32 0.32 0.44000000000000006 0.38 1.0
-0.1869681280629774 0.19001400235573865 0.10893844552602609 1 0.33999999999999997 0.33999999999999997 0.86 0.78 0.78 0.26 0.24 1.0 0.22000000000000003 1.0 0.36 0.3 0.3 0.44000000000000006 0.36 0.38
-0.08961453080378012 0.15406021145204546 0.12006583194412476 1 0.33999999999999997 0.33999999999999997 0.86 0.78 0.78 0.27999999999999997 0.24 1.0 0.22000000000000003 1.0 0.36 0.3 0.3 0.44000000000000006 0.36 0.36
-0.01856158152834653 0.025830873972895147 0.11951412261001303 1 0.33999999999999997 0.33999999999999997 0.8800000000000001 0.8 0.78 0.27999999999999997 0.26 1.0 0.22000000000000003 1.0 0.36 0.3 0.3 0.44000000000000006 0.36 0.36
0.022676626812696193 -0.06485643818615962 0.11657442770963626 1 0.33999999999999997 0.33999999999999997 0.8800000000000001 0.78 0.78 0.27999999999999997 0.26 1.0 0.22000000000000003 1.0 0.36 0.33999999999999997 0.3 0.44000000000000006 0.36 0.36
0.09273982417831164 -0.20758946787410643 0.10940761658020196 1 0.33999999999999997 0.33999999999999997 0.86 0.8 0.78 0.27999999999999997 0.24 1.0 0.22000000000000003 1.0 0.36 0.33999999999999997 0.3 0.44000000000000006 0.36 0.36
0.17811736705220427 -0.22329742491620352 0.09487775510279028 1 0.33999999999999997 0.33999999999999997 0.86 0.78 0.78 0.26 0.24 1.0 0.22000000000000003 1.0 0.36 0.3 0.3 0.44000000000000006 0.36 0.36
0.257816711628056 -0.31691691080559925 0.07732667165895023 1 0.33999999999999997 0.36 0.86 0.78 0.76 0.24 0.24 1.0 0.2 1.0 0.36 0.3 0.3 0.44000000000000006 0.38 1.0
0.3052819389828113 -0.30558972071912194 0.05991541331418619 1 0.36 1.0 0.86 0.8 0.76 0.22000000000000003 0.22000000000000003 1.0 1.0 1.0 0.32 0.32 0.32 0.45999999999999996 0.38 1.0
0.23564447504711666 -0.2858849246926136 0.04252748771629861 1 0.36 1.0 0.8 0.8 0.74 0.22000000000000003 0.22000000000000003 1.0 1.0 1.0 0.33999999999999997 0.32 0.32 0.45999999999999996 0.38 1.0
0.0851969670823419 -0.07749262191868544 0.035394910461967355 1 0.36 1.0 0.8 0.8 0.74 0.2 0.2 1.0 1.0 1.0 0.33999999999999997 0.33999999999999997 0.36 0.52 0.4 1.0
-0.005151139065447468 0.05007349688463068 0.03614838302751449 1 0.36 1.0 0.78 0.78 0.74 0.2 0.2 1.0 1.0 1.0 0.33999999999999997 0.33999999999999997 0.36 0.52 0.4 1.0
-0.10397640633531963 0.013177236131776215 0.03641903467730786 1 0.36 1.0 0.78 0.78 0.74 0.2 0.2 1.0 1.0 1.0 0.33999999999999997 0.33999999999999997 0.36 0.5 0.4 1.0
-0.16234836389646456 0.0974766420707903 0.03673203369351497 1 0.36 1.0 0.8 0.8 0.74 0.2 0.2 1.0 1.0 1.0 0.33999999999999997 0.33999999999999997 0.33999999999999997 0.5 0.4 1.0
-0.1731943670714619 0.17085027745383263 0.05038806220036888 1 0.36 1.0 0.8 0.8 0.74 0.22000000000000003 0.22000000000000003 1.0 1.0 1.0 0.33999999999999997 0.32 0.32 0.45999999999999996 0.38 1.0
-0.15868298836102193 0.2058615922665806 0.06231438970850573 1 0.36 1.0 0.8 0.8 0.76 0.22000000000000003 0.22000000000000003 1.0 1.0 1.0 0.32 0.32 0.32 0.45999999999999996 0.38 1.0
-0.1752784888631725 0.23301891191352275 0.06878309005873326 1 0.36 1.0 0.86 0.8 0.76 0.24 0.22000000000000003 1.0 0.2 1.0 0.32 0.32 0.32 0.45999999999999996 0.38 1.0
-0.169025875038528 0.24034929630510332 0.08262598741677321 1 0.33999999999999997 1.0 0.86 0.78 0.76 0.24 0.24 1.0 0.2 1.0 0.32 0.32 0.32 0.44000000000000006 0.38 1.0
-0.15567945042589565 0.21224950056721595 0.10380896000125833 1 0.33999999999999997 0.36 0.86 0.8 0.76 0.26 0.24 1.0 0.22000000000000003 1.0 0.36 0.3 0.3 0.44000000000000006 0.36 0.38
-0.04846752146017057 0.13849187895631457 0.11373115373989133 1 0.33999999999999997 0.33999999999999997 0.86 0.8 0.78 0.27999999999999997 0.24 1.0 0.22000000000000003 1.0 0.36 0.3 0.3 0.44000000000000006 0.36 0.36
0.052548478568833365 -0.02237512067724884 0.11243564465443225 1 0.33999999999999997 0.33999999999999997 0.86 0.78 0.78 0.27999999999999997 0.26 1.0 0.22000000000000003 1.0 0.36 0.3 0.3 0.44000000000000006 0.36 0.36
0.06183933501670032 -0.08735373346237088 0.10906042691341436 1 0.33999999999999997 0.33999999999999997 0.86 0.8 0.78 0.27999999999999997 0.24 1.0 0.22000000000000003 1.0 0.36 0.3 0.3 0.44000000000000006 0.36 0.36
0.12604947329145363 -0.1588598770138998 0.10192587661935545 1 0.33999999999999997 0.33999999999999997 0.8400000000000001 0.78 0.78 0.26 0.24 1.0 0.22000000000000003 1.0 0.36 0.3 0.3 0.44000000000000006 0.36 0.38
0.20956509710797128 -0.23102924756364157 0.095835861075679 1 0.33999999999999997 0.36 0.86 0.78 0.76 0.26 0.24 1.0 0.2 1.0 0.36 0.3 0.3 0.44000000000000006 0.36 0.38
0.25826350910635043 -0.3067939689076653 0.07207554710915107 1 0.36 1.0 0.86 0.78 0.76 0.24 0.22000000000000003 1.0 0.2 1.0 0.38 0.32 0.32 0.45999999999999996 0.38 1.0
0.25997064160195965 -0.2672448272096901 0.05453032630277531 1 0.36 1.0 0.8 0.8 0.74 0.22000000000000003 0.22000000000000003 1.0 1.0 1.0 0.32 0.32 0.32 0.45999999999999996 0.38 1.0
0.16551470194978024 -0.2589894104327841 0.040706526390849776 1 0.36 1.0 0.8 0.8 0.74 0.22000000000000003 0.2 1.0 1.0 1.0 0.33999999999999997 0.32 0.32 0.48 0.4 1.0
0.09827761368508173 0.012112585441868546 0.03600743588360115 1 0.36 1.0 0.78 0.78 0.74 0.2 0.2 1.0 1.0 1.0 0.33999999999999997 0.33999999999999997 0.36 0.52 0.4 1.0
0.014418361477242401 0.02237512067724884 0.03804197005297909 1 0.36 1.0 0.78 0.78 0.74 0.2 0.2 1.0 1.0 1.0 0.33999999999999997 0.33999999999999997 0.36 0.52 0.4 1.0
-0.13269636601216264 0.05792747956686855 0.03909628517623369 1 0.36 1.0 0.78 0.78 0.74 0.2 0.2 1.0 1.0 1.0 0.33999999999999997 0.33999999999999997 0.36 0.52 0.4 1.0
-0.1716944767302795 0.13648475425605633 0.045935183084948705 1 0.36 1.0 0.78 0.78 0.74 0.2 0.2 1.0 1.0 1.0 0.33999999999999997 0.33999999999999997 0.33999999999999997 0.5 0.4 1.0
-0.17709430991265718 0.196401910656374 0.05632679889896924 1 0.36 1.0 0.8 0.8 0.74 0.22000000000000003 0.22000000000000003 1.0 1.0 1.0 0.33999999999999997 0.32 0.32 0.45999999999999996 0.38 1.0
-0.16854505228235275 0.24767968069668392 0.06955178665330569 1 0.36 1.0 0.78 0.78 0.74 0.22000000000000003 0.22000000000000003 1.0 1.0 1.0 0.32 0.32 0.32 0.45999999999999996 0.38 1.0
-0.19906701267807703 0.26031586442920973 0.08636918105536853 1 0.36 1.0 0.86 0.8 0.76 0.24 0.22000000000000003 1.0 0.2 1.0 0.38 0.32 0.32 0.45999999999999996 0.38 1.0
-0.19276939061615403 0.2508736265246229 0.10094350460384433 1 0.33999999999999997 0.36 0.8400000000000001 0.78 0.76 0.26 0.24 1.0 0.2 1.0 0.36 0.3 0.3 0.45999999999999996 0.38 0.38
-0.19987071267989803 0.1774999911415806 0.11267929274042904 1 0.33999999999999997 0.33999999999999997 0.86 0.8 0.78 0.26 0.24 1.0 0.22000000000000003 1.0 0.36 0.3 0.3 0.44000000000000006 0.36 0.36
-0.06793034466937556 0.09800023620025826 0.13233276869353486 1 0.33999999999999997 0.33999999999999997 0.86 0.78 0.78 0.27999999999999997 0.26 1.0 0.22000000000000003 1.0 0.36 0.3 0.3 0.44000000000000006 0.36 0.36
-0.011355519005553646 0.007330382831134588 0.1331212121832966 1 0.33999999999999997 0.33999999999999997 0.8800000000000001 0.78 0.78 0.27999999999999997 0.26 1.0 0.22000000000000003 1.0 0.36 0.3 0.3 0.44000000000000006 0.36 0.36
0.014821524435535693 -0.03221877811234117 0.13145311081039493 1 0.33999999999999997 0.33999999999999997 0.8800000000000001 0.78 0.78 0.27999999999999997 0.26 1.0 0.22000000000000003 1.0 0.36 0.3 0.3 0.44000000000000006 0.36 0.36
0.11521355937750147 -0.28122492528901866 0.11804434700755088 1 0.33999999999999997 0.33999999999999997 0.86 0.78 0.78 0.27999999999999997 0.26 1.0 0.22000000000000003 1.0 0.36 0.3 0.3 0.44000000000000006 0.36 0.36
0.21828881729397456 -0.29229029334362605 0.11053129042452339 1 0.33999999999999997 0.36 0.86 0.8 0.78 0.26 0.24 1.0 0.22000000000000003 1.0 0.36 0.3 0.3 0.44000000000000006 0.36 0.38
0.2918471548736111 -0.34660493263751035 0.08162688087767 1 0.33999999999999997 1.0 0.86 0.78 0.76 0.24 0.24 1.0 0.2 1.0 0.36 0.3 0.3 0.44000000000000006 0.36 1.0
0.3135510595254829 -0.2921506771196385 0.06329000663531947 1 0.36 1.0 0.8 0.8 0.76 0.22000000000000003 0.22000000000000003 1.0 1.0 1.0 0.38 0.32 0.32 0.45999999999999996 0.38 1.0
0.2111441753411243 -0.2789734389072676 0.046778406152588305 1 0.36 1.0 0.8 0.8 0.74 0.22000000000000003 0.2 1.0 1.0 1.0 0.33999999999999997 0.32 0.33999999999999997 0.5 0.38 1.0
0.10403072067440547 -0.0320966055939734 0.040818193908268616 1 0.36 1.0 0.8 0.8 0.26 0.2 0.2 1.0 1.0 1.0 0.33999999999999997 0.33999999999999997 0.36 0.4 0.4 1.0
0.0535942399390063 0.014119714303316117 0.04062979164544751 1 0.36 1.0 0.8 0.8 0.24 0.2 0.2 1.0 1.0 1.0 0.36 0.33999999999999997 0.36 0.4 0.4 1.0
-0.17001821688959018 0.023300146820790294 0.04285279686874717 1 0.36 1.0 0.8 0.8 0.26 0.2 0.2 1.0 1.0 1.0 0.33999999999999997 0.33999999999999997 0.36 0.4 0.4 1.0
-0.2630342686565587 0.06618288802139592 0.04387838759497823 1 0.36 1.0 0.8 0.8 0.26 0.2 0.2 1.0 1.0 1.0 0.33999999999999997 0.33999999999999997 0.33999999999999997 0.4 0.4 1.0
-0.3460077054496792 0.10492919898073864 0.05004094647412733 1 0.33999999999999997 1.0 0.8 0.8 0.74 0.22000000000000003 0.22000000000000003 1.0 1.0 1.0 0.32 0.32 0.33999999999999997 0.5 0.38 1.0
-0.384655077935424 0.14393730284362605 0.05679267611440815 1 0.33999999999999997 1.0 0.8 0.8 0.76 0.24 0.22000000000000003 1.0 1.0 1.0 0.32 0.32 0.32 0.48 0.36 1.0
-0.38364535578269365 0.16018633101032545 0.06070326679791101 1 0.32 1.0 0.8 0.8 0.78 0.24 0.24 1.0 1.0 1.0 0.32 0.32 0.32 0.48 0.36 1.0
-0.3591338747390487 0.17151350445204547 0.0743945898316608 1 0.32 1.0 0.86 0.8 0.8 0.26 0.26 1.0 1.0 1.0 0.32 0.3 0.32 0.42000000000000004 0.33999999999999997 1.0
-0.32356058750950445 0.1825614454457903 0.0846391867695438 1 0.3 1.0 0.86 0.8 0.8 0.27999999999999997 0.27999999999999997 1.0 1.0 1.0 0.3 0.27999999999999997 0.3 0.4 0.32 1.0
-0.2561144783500296 0.21877702509183886 0.09584108092056177 1 0.3 0.3 0.86 0.8 0.82 0.3 0.3 1.0 0.26 1.0 0.3 0.27999999999999997 0.3 0.38 0.32 0.32
-0.22043051147939483 0.16898278562231925 0.10577538087595756 1 0.3 0.3 0.86 0.8 0.82 0.32 0.3 1.0 0.26 1.0 0.33999999999999997 0.27999999999999997 0.27999999999999997 0.38 0.32 0.32
-0.09176181888199791 0.14568263880152896 0.11529396715906007 1 0.27999999999999997 0.27999999999999997 0.8800000000000001 0.82 0.8400000000000001 0.32 0.3 1.0 0.27999999999999997 1.0 0.36 0.26 0.26 0.38 0.3 0.3
0.03092728073662426 -0.00811578130741784 0.11524976590705267 1 0.27999999999999997 0.27999999999999997 0.9 0.82 0.8400000000000001 0.32 0.32 1.0 0.27999999999999997 1.0 0.36 0.26 0.26 0.38 0.3 0.3
0.15921367355105492 -0.010925761193295778 0.11459796855517373 1 0.27999999999999997 0.27999999999999997 0.8800000000000001 0.82 0.8400000000000001 0.32 0.3 1.0 0.27999999999999997 1.0 0.36 0.26 0.26 0.38 0.3 0.3
0.278129872639981 -0.18495254805152894 0.10397576245114346 1 0.3 0.3 0.8800000000000001 0.82 0.82 0.32 0.3 1.0 0.27999999999999997 1.0 0.36 0.26 0.26 0.38 0.32 0.32
0.35716053293432304 -0.28642597917245866 0.08699868835768768 1 0.3 0.3 0.86 0.82 0.8 0.3 0.27999999999999997 1.0 0.26 1.0 0.32 0.27999999999999997 0.3 0.4 0.32 0.32
0.4046294236191623 -0.2440842966128874 0.07359378205283099 1 0.3 0.32 0.86 0.8 0.8 0.27999999999999997 0.27999999999999997 1.0 1.0 1.0 0.3 0.3 0.3 0.42000000000000004 0.33999999999999997 1.0
0.39990793603602603 -0.19774580835841943 0.06174295976719329 1 0.32 1.0 0.86 0.8 0.78 0.26 0.26 1.0 1.0 1.0 0.3 0.3 0.32 0.44000000000000006 0.33999999999999997 1.0
0.28888797424390333 -0.18989182983737088 0.05155588634290157 1 0.32 1.0 0.8 0.8 0.76 0.24 0.24 1.0 1.0 1.0 0.3 0.3 0.36 0.48 0.36 1.0
0.11346818137600462 0.017435839931704226 0.05226745926289244 1 0.33999999999999997 1.0 0.8 0.8 0.76 0.24 0.24 1.0 1.0 1.0 0.36 0.32 0.36 0.48 0.36 1.0
0.05045887525857544 -0.0026703537790657285 0.05243412149893196 1 0.33999999999999997 1.0 0.8 0.8 0.76 0.22000000000000003 0.22000000000000003 1.0 1.0 1.0 0.38 0.32 0.33999999999999997 0.48 0.38 1.0
-0.01133200479817668 0.05393067387197185 0.05281019745917649 1 0.33999999999999997 1.0 0.8 0.8 0.76 0.22000000000000003 0.22000000000000003 1.0 1.0 1.0 0.38 0.32 0.33999999999999997 0.5 0.38 1.0
-0.05776212505726835 0.189211142488781 0.06357488674145396 1 0.33999999999999997 1.0 0.8 0.8 0.76 0.24 0.22000000000000003 1.0 1.0 1.0 0.38 0.32 0.33999999999999997 0.48 0.36 1.0
-0.08505730995116889 0.24127432869042875 0.07916148370389042 1 0.33999999999999997 1.0 0.8 0.8 0.76 0.24 0.24 1.0 1.0 1.0 0.48 0.32 0.32 0.45999999999999996 0.38 1.0
-0.11325027811781298 0.253125112906374 0.09423828381623628 1 0.33999999999999997 1.0 0.86 0.78 0.76 0.24 0.24 1.0 0.2 1.0 0.38 0.32 0.32 0.45999999999999996 0.36 1.0
-0.12829722444558783 0.2571219186012707 0.1092649360771549 1 0.33999999999999997 1.0 0.86 0.8 0.76 0.26 0.24 1.0 0.2 1.0 0.36 0.3 0.3 0.45999999999999996 0.36 1.0
-0.12254667578650771 0.19294615944132235 0.12152517916673483 1 0.33999999999999997 0.33999999999999997 0.86 0.78 0.78 0.26 0.24 1.0 0.22000000000000003 1.0 0.36 0.3 0.3 0.44000000000000006 0.36 0.36
-0.012366263275257038 0.08574803037321282 0.1278758912556743 1 0.33999999999999997 0.33999999999999997 0.86 0.78 0.78 0.27999999999999997 0.26 1.0 0.22000000000000003 1.0 0.36 0.3 0.3 0.44000000000000006 0.36 0.36
0.10021890983006701 -0.01118756033862442 0.12688652025021038 1 0.33999999999999997 0.33999999999999997 0.86 0.78 0.78 0.27999999999999997 0.26 1.0 0.22000000000000003 1.0 0.36 0.3 0.3 0.44000000000000006 0.36 0.36
0.10305284081684508 -0.10653490206989671 0.12721197470303436 1 0.33999999999999997 0.33999999999999997 0.86 0.78 0.78 0.27999999999999997 0.24 1.0 0.22000000000000003 1.0 0.36 0.3 0.3 0.44000000000000006 0.36 0.36
0.1428133829888019 -0.21106267943953516 0.11184408101907349 1 0.33999999999999997 0.36 0.8400000000000001 0.78 0.76 0.26 0.24 1.0 0.22000000000000003 1.0 0.36 0.3 0.3 0.45999999999999996 0.36 0.38
0.22134603644031345 -0.2685712645613585 0.09681720101818665 1 0.33999999999999997 1.0 0.8400000000000001 0.78 0.76 0.24 0.24 1.0 0.2 1.0 0.38 0.32 0.32 0.45999999999999996 0.38 1.0
0.27008654350405936 -0.2950828175604649 0.08007577447792216 1 0.33999999999999997 1.0 0.86 0.78 0.76 0.24 0.22000000000000003 1.0 0.2 1.0 0.38 0.32 0.32 0.45999999999999996 0.38 1.0
0.2179467393030518 -0.29373891985841943 0.06357607157803673 1 0.36 1.0 0.8 0.8 0.74 0.22000000000000003 0.22000000000000003 1.0 1.0 1.0 0.48 0.32 0.32 0.48 0.38 1.0
0.20184081399391435 -0.2001369109641581 0.03680869718604424 1 0.36 1.0 0.78 0.78 0.74 0.2 0.2 1.0 1.0 1.0 0.38 0.33999999999999997 0.36 0.52 0.4 1.0
0.14334759744539227 -0.11465067765567924 0.02993850584453027 1 0.36 1.0 0.78 0.78 0.26 0.2 0.2 1.0 1.0 1.0 0.38 0.33999999999999997 0.36 0.4 0.4 1.0
-0.05154458942537593 -0.002391101045292646 0.030688146901284637 1 0.38 1.0 0.78 0.78 0.24 0.2 0.2 1.0 1.0 1.0 0.38 0.33999999999999997 0.36 0.4 0.4 1.0
-0.16602177533843285 0.0834965523138404 0.031339973642073395 1 0.36 1.0 0.78 0.78 0.74 0.2 0.2 1.0 1.0 1.0 0.38 0.33999999999999997 0.36 0.4 0.4 1.0
-0.21821278386072224 0.12198106204725982 0.04113972602647314 1 0.36 1.0 0.78 0.78 0.74 0.2 0.2 1.0 1.0 1.0 0.38 0.33999999999999997 0.4 0.52 0.4 1.0
-0.25972172307715213 0.1665742226662035 0.049818523019548644 1 0.36 1.0 0.8 0.8 0.74 0.22000000000000003 0.22000000000000003 1.0 1.0 1.0 0.4 0.33999999999999997 0.33999999999999997 0.5 0.38 1.0
-0.2724937463094311 0.17430604531364158 0.05962071663028827 1 0.33999999999999997 1.0 0.8 0.8 0.74 0.22000000000000003 0.22000000000000003 1.0 1.0 1.0 0.38 0.32 0.32 0.45999999999999996 0.38 1.0
-0.26201981716914885 0.1873610943628874 0.06407655746964414 1 0.33999999999999997 1.0 0.86 0.78 0.76 0.24 0.24 1.0 1.0 1.0 0.38 0.32 0.32 0.45999999999999996 0.36 1.0
-0.2204195814976945 0.2649758971223192 0.08599257288730891 1 0.33999999999999997 1.0 0.86 0.8 0.78 0.26 0.24 1.0 0.22000000000000003 1.0 0.38 0.3 0.3 0.44000000000000006 0.36 1.0
-0.18208534092030065 0.2636494431258936 0.10065810189820726 1 0.33999999999999997 0.33999999999999997 0.86 0.8 0.78 0.26 0.26 1.0 0.22000000000000003 1.0 0.36 0.3 0.3 0.44000000000000006 0.36 0.36
-0.19053970646047233 0.15646877440816118 0.1118790316695895 1 0.32 0.32 0.86 0.78 0.78 0.27999999999999997 0.26 1.0 0.24 1.0 0.36 0.3 0.3 0.42000000000000004 0.33999999999999997 0.33999999999999997
-0.08969490361186444 0.10958922335146953 0.11664801712050626 1 0.32 0.32 0.86 0.8 0.8 0.3 0.26 1.0 0.24 1.0 0.36 0.3 0.3 0.42000000000000004 0.33999999999999997 0.33999999999999997
0.011839329067714061 -0.005462880596647889 0.11737531882006513 1 0.32 0.32 0.8800000000000001 0.8 0.8 0.3 0.27999999999999997 1.0 0.24 1.0 0.36 0.27999999999999997 0.27999999999999997 0.42000000000000004 0.33999999999999997 0.33999999999999997
0.08969078848488493 -0.06431538370631457 0.11417802010616605 1 0.32 0.32 0.8800000000000001 0.8 0.8 0.3 0.27999999999999997 1.0 0.24 1.0 0.36 0.3 0.3 0.42000000000000004 0.33999999999999997 0.33999999999999997
0.20424499171578953 -0.2018647865716839 0.10488204239732007 1 0.32 0.32 0.86 0.8 0.78 0.27999999999999997 0.26 1.0 0.24 1.0 0.36 0.3 0.3 0.42000000000000004 0.33999999999999997 0.33999999999999997
0.2716031540923386 -0.27656487595115187 0.08732156431517374 1 0.32 0.33999999999999997 0.86 0.78 0.78 0.27999999999999997 0.26 1.0 0.22000000000000003 1.0 0.36 0.3 0.3 0.42000000000000004 0.36 0.36
0.33317503978114055 -0.2993414119977169 0.07102324727237853 1 0.33999999999999997 1.0 0.8400000000000001 0.78 0.76 0.26 0.24 1.0 0.22000000000000003 1.0 0.38 0.3 0.3 0.45999999999999996 0.36 1.0
0.35104693695425604 -0.2515368535228358 0.05637013635968989 1 0.33999999999999997 1.0 0.86 0.78 0.76 0.24 0.24 1.0 1.0 1.0 0.38 0.32 0.32 0.45999999999999996 0.36 1.0
0.2700213014028738 -0.2466150320873709 0.04268161853266296 1 0.36 1.0 0.78 0.78 0.74 0.22000000000000003 0.22000000000000003 1.0 1.0 1.0 0.38 0.33999999999999997 0.33999999999999997 0.5 0.38 1.0
0.1660714409287416 -0.03262020388463068 0.03797793911036273 1 0.36 1.0 0.8 0.8 0.74 0.22000000000000003 0.2 1.0 1.0 1.0 0.4 0.33999999999999997 0.36 0.52 0.38 1.0
0.0680298180822208 0.03408628034682787 0.03838273890111965 1 0.36 1.0 0.78 0.78 0.72 0.2 0.2 1.0 1.0 1.0 0.38 0.33999999999999997 0.36 0.52 0.4 1.0
-0.07815539606113206 0.09601056352799846 0.03862538864397119 1 0.36 1.0 0.78 0.78 0.74 0.2 0.2 1.0 1.0 1.0 0.38 0.33999999999999997 0.36 0.52 0.4 1.0
-0.12268301901971244 0.15952310401211264 0.05030561794271075 1 0.36 1.0 0.78 0.78 0.74 0.2 0.2 1.0 1.0 1.0 0.38 0.33999999999999997 0.33999999999999997 0.5 0.4 1.0
-0.15868165995141725 0.2197195011827841 0.06369040184905196 1 0.36 1.0 0.8 0.8 0.74 0.22000000000000003 0.22000000000000003 1.0 1.0 1.0 0.38 0.33999999999999997 0.33999999999999997 0.48 0.4 1.0
-0.16592586472579685 0.2480811023077841 0.07020175193223775 1 0.36 1.0 0.8400000000000001 0.78 0.74 0.22000000000000003 0.22000000000000003 1.0 0.18 1.0 0.38 0.32 0.32 0.45999999999999996 0.38 1.0
-0.1565682027107353 0.2659183732132645 0.09314907941000411 1 0.36 1.0 0.8400000000000001 0.78 0.74 0.24 0.22000000000000003 1.0 0.2 1.0 0.38 0.32 0.32 0.45999999999999996 0.38 1.0
-0.17306659027932383 0.19907226235484507 0.1058802879277719 1 0.36 0.36 0.8400000000000001 0.78 0.76 0.26 0.24 1.0 0.2 1.0 0.38 0.32 0.32 0.45999999999999996 0.38 1.0
-0.05930631422677016 0.10199704189515496 0.11137750845717106 1 0.36 0.36 0.8400000000000001 0.78 0.76 0.26 0.24 1.0 0.2 1.0 0.36 0.32 0.32 0.45999999999999996 0.38 0.38
0.0030936442450670114 -0.0018675023645238654 0.12944320072996326 1 0.33999999999999997 0.36 0.8400000000000001 0.78 0.76 0.26 0.24 1.0 0.2 1.0 0.36 0.33999999999999997 0.32 0.45999999999999996 0.38 0.38
0.05767090833203835 -0.11531390465389205 0.1262552504893094 1 0.33999999999999997 0.36 0.8400000000000001 0.78 0.76 0.26 0.24 1.0 0.22000000000000003 1.0 0.36 0.32 0.32 0.45999999999999996 0.38 0.38
0.1124630568593831 -0.21518165765279962 0.12298794313363895 1 0.36 0.36 0.8400000000000001 0.78 0.76 0.26 0.24 1.0 0.2 1.0 0.36 0.32 0.32 0.45999999999999996 0.38 0.38
0.16595590267393556 -0.22343705778494838 0.10939238491926442 1 0.36 0.36 0.8400000000000001 0.78 0.76 0.24 0.24 1.0 0.2 1.0 0.38 0.32 0.32 0.45999999999999996 0.38 1.0
0.23033313871610459 -0.3285058896344319 0.08258472337050642 1 0.36 1.0 0.86 0.8 0.74 0.24 0.22000000000000003 1.0 0.2 1.0 0.38 0.32 0.32 0.45999999999999996 0.38 1.0
0.1950742106358125 -0.30906291563979343 0.06508145024003126 1 0.36 1.0 0.8 0.8 0.74 0.22000000000000003 0.22000000000000003 1.0 1.0 1.0 0.38 0.33999999999999997 0.33999999999999997 0.48 0.38 1.0
0.1600607389456679 -0.2934771311160641 0.056199997580998154 1 0.36 1.0 0.78 0.78 0.74 0.2 0.2 1.0 1.0 1.0 0.38 0.33999999999999997 0.36 0.52 0.4 1.0
0.11434298833851145 -0.03595378258131457 0.04311236378067795 1 0.36 1.0 0.78 0.78 0.24 0.2 0.2 1.0 1.0 1.0 0.38 0.36 0.36 0.4 0.4 1.0
0.0041141968980803615 0.04527384380634428 0.04518647614808402 1 0.36 1.0 0.78 0.78 0.24 0.2 0.2 1.0 1.0 1.0 0.38 0.33999999999999997 0.36 0.4 0.4 1.0
-0.16812723397885404 0.020507618442762138 0.0456235293766711 1 0.36 1.0 0.78 0.78 0.24 0.2 0.2 1.0 1.0 1.0 0.38 0.36 0.36 0.4 0.4 1.0
-0.28998173537167515 -0.01118756033862442 0.044231221115902136 1 0.36 1.0 0.78 0.78 0.26 0.2 0.2 1.0 1.0 1.0 0.38 0.33999999999999997 0.38 0.38 0.38 1.0
-0.35973512560122045 0.00932005810413772 0.044118802774731444 1 0.36 1.0 0.8 0.8 0.26 0.22000000000000003 0.22000000000000003 1.0 1.0 1.0 0.38 0.33999999999999997 0.38 0.38 0.38 1.0
-0.42822916279437884 0.14301228710305788 0.05040618993090018 1 0.33999999999999997 1.0 0.8 0.8 0.76 0.24 0.24 1.0 1.0 1.0 0.36 0.32 0.36 0.52 0.36 1.0
-0.42619755436575657 0.15034267149463845 0.05785761981956679 1 0.32 1.0 0.8 0.8 0.76 0.24 0.24 1.0 1.0 1.0 0.36 0.32 0.36 0.48 0.36 1.0
-0.4236126451594532 0.14461799019221594 0.06622820252329945 1 0.3 1.0 0.8 0.8 0.78 0.26 0.26 1.0 1.0 1.0 0.33999999999999997 0.3 0.33999999999999997 0.45999999999999996 0.33999999999999997 1.0
-0.3954020469535874 0.13781119993010332 0.06958267380492451 1 0.3 1.0 0.86 0.8 0.8 0.27999999999999997 0.27999999999999997 1.0 1.0 1.0 0.33999999999999997 0.3 0.33999999999999997 0.44000000000000006 0.32 1.0
-0.34146124429208374 0.13754940286536935 0.08093690647011151 1 0.27999999999999997 1.0 0.86 0.8 0.82 0.3 0.3 1.0 1.0 1.0 0.33999999999999997 0.27999999999999997 0.32 0.42000000000000004 0.3 1.0
-0.24098345431768325 0.2062630138776808 0.09115948443372683 1 0.27999999999999997 0.3 0.86 0.8 0.82 0.32 0.32 1.0 0.27999999999999997 1.0 0.32 0.27999999999999997 0.32 0.38 0.3 0.32
-0.1834539654803378 0.15952310401211264 0.09221644640706544 1 0.26 0.27999999999999997 0.86 0.82 0.8400000000000001 0.32 0.32 1.0 0.27999999999999997 1.0 0.32 0.27999999999999997 0.3 0.36 0.3 0.3
-0.058693721765316995 0.14140658401389983 0.09988468985394049 1 0.26 0.26 0.8800000000000001 0.82 0.8400000000000001 0.33999999999999997 0.32 1.0 0.3 1.0 0.36 0.26 0.3 0.36 0.27999999999999997 0.27999999999999997
0.08489395287728313 -0.037681658188840395 0.10074265764758837 1 0.26 0.26 0.8800000000000001 0.82 0.8400000000000001 0.33999999999999997 0.32 1.0 0.3 1.0 0.36 0.26 0.3 0.36 0.27999999999999997 0.27999999999999997
0.2389043644154673 -0.009721483876427234 0.10087494430998346 1 0.26 0.27999999999999997 0.8800000000000001 0.82 0.8400000000000001 0.33999999999999997 0.32 1.0 0.3 1.0 0.36 0.26 0.27999999999999997 0.36 0.3 0.3
0.3482435967619043 -0.19360938643953515 0.09012011788217035 1 0.27999999999999997 0.27999999999999997 0.86 0.8 0.82 0.32 0.32 1.0 0.27999999999999997 1.0 0.36 0.27999999999999997 0.27999999999999997 0.38 0.3 0.3
0.40551911338754876 -0.2037322950479546 0.07851193253661999 1 0.27999999999999997 0.3 0.86 0.8 0.8 0.3 0.3 1.0 0.26 1.0 0.36 0.27999999999999997 0.32 0.38 0.32 0.32
0.4318789699830403 -0.22464133926300622 0.06724595474411905 1 0.3 1.0 0.8400000000000001 0.8 0.8 0.27999999999999997 0.27999999999999997 1.0 0.26 1.0 0.38 0.3 0.33999999999999997 0.42000000000000004 0.32 1.0
0.42544139998351654 -0.1942725967929907 0.055217798115278 1 0.3 1.0 0.86 0.78 0.78 0.26 0.26 1.0 1.0 1.0 0.38 0.3 0.36 0.45999999999999996 0.33999999999999997 1.0
0.3317656148290815 -0.13927727847289517 0.04690194509575367 1 0.32 1.0 0.8 0.8 0.76 0.26 0.24 1.0 1.0 1.0 0.38 0.32 0.36 0.48 0.36 1.0
0.2727973180464363 -0.037821286896395925 0.046188229545180835 1 0.33999999999999997 1.0 0.78 0.78 0.76 0.24 0.24 1.0 1.0 1.0 0.38 0.32 0.38 0.5 0.36 1.0
0.17725095492607862 0.034225906973788744 0.04671185494960834 1 0.33999999999999997 1.0 0.78 0.78 0.74 0.22000000000000003 0.22000000000000003 1.0 1.0 1.0 0.38 0.33999999999999997 0.38 0.52 0.38 1.0
0.012392904571801634 0.16538740153852274 0.056461501402650695 1 0.33999999999999997 1.0 0.78 0.78 0.74 0.22000000000000003 0.22000000000000003 1.0 1.0 1.0 0.38 0.32 0.33999999999999997 0.5 0.38 1.0
-0.04846200480809562 0.18469074266441632 0.06562011655127412 1 0.33999999999999997 1.0 0.78 0.78 0.74 0.22000000000000003 0.22000000000000003 1.0 1.0 1.0 0.38 0.33999999999999997 0.33999999999999997 0.5 0.38 1.0
-0.08552939851797785 0.2973342872974587 0.0823053730773084 1 0.33999999999999997 1.0 0.78 0.78 0.74 0.24 0.22000000000000003 1.0 0.2 1.0 0.38 0.33999999999999997 0.33999999999999997 0.48 0.38 1.0
-0.09687287149827922 0.2451489452222004 0.09731869564477927 1 0.33999999999999997 1.0 0.8400000000000001 0.78 0.74 0.24 0.24 1.0 0.2 1.0 0.38 0.32 0.32 0.48 0.38 1.0
-0.12735081565122483 0.19708258136020662 0.1124595188491758 1 0.33999999999999997 1.0 0.8400000000000001 0.78 0.76 0.26 0.24 1.0 0.2 1.0 0.38 0.32 0.32 0.45999999999999996 0.38 1.0
-0.007211847558223965 0.10985102873858214 0.11662301501746464 1 0.33999999999999997 0.36 0.8400000000000001 0.78 0.76 0.26 0.24 1.0 0.2 1.0 0.38 0.32 0.32 0.44000000000000006 0.38 0.38
0.030851439862785258 0.014119714303316117 0.12209218117346904 1 0.33999999999999997 0.36 0.8400000000000001 0.78 0.76 0.26 0.24 1.0 0.22000000000000003 1.0 0.38 0.32 0.32 0.45999999999999996 0.36 0.38
0.15743261996824265 -0.01731366637303913 0.1224435396497424 1 0.33999999999999997 0.36 0.8400000000000001 0.78 0.76 0.26 0.24 1.0 0.2 1.0 0.38 0.32 0.32 0.45999999999999996 0.38 0.38
0.12053129866764026 -0.1531351957114773 0.11510580359654424 1 0.36 0.36 0.8400000000000001 0.78 0.74 0.26 0.24 1.0 0.2 1.0 0.38 0.32 0.32 0.48 0.38 1.0
0.15252176414613725 -0.25499260473788743 0.11071590854615156 1 0.36 1.0 0.8400000000000001 0.78 0.74 0.24 0.24 1.0 0.2 1.0 0.38 0.32 0.32 0.48 0.38 1.0
0.1803938406338833 -0.2825688229910641 0.09575621559676124 1 0.36 1.0 0.8400000000000001 0.78 0.74 0.24 0.22000000000000003 1.0 0.18 1.0 0.38 0.33999999999999997 0.33999999999999997 0.48 0.38 1.0
0.2145495173915755 -0.2852216976944008 0.06777077246282032 1 0.36 1.0 0.78 0.78 0.74 0.22000000000000003 0.22000000000000003 1.0 0.18 1.0 0.38 0.33999999999999997 0.33999999999999997 0.48 0.38 1.0
0.28184998212922185 -0.2699151789081612 0.061156259327645825 1 0.36 1.0 0.78 0.78 0.72 0.2 0.2 1.0 1.0 1.0 0.4 0.33999999999999997 0.36 0.52 0.4 1.0
0.17221822070365383 -0.22263419791799072 0.04794103283783502 1 0.38 1.0 0.78 0.78 0.72 0.2 0.18 1.0 1.0 1.0 0.4 0.36 0.38 0.4 0.4 1.0
0.024744996301487483 -0.055396752414763696 0.03524499020702042 1 0.38 0.96 0.78 0.74 0.24 0.18 0.18 1.0 1.0 1.0 0.4 0.36 0.38 0.4 0.4 1.0
-0.05426950420746793 0.0292866251879468 0.03645606661952741 1 0.38 0.96 0.78 0.74 0.24 0.18 0.18 1.0 1.0 1.0 0.4 0.36 0.42000000000000004 0.4 0.4 1.0
-0.22374046165174935 0.005201081451319248 0.036418253330513226 1 0.38 1.0 0.78 0.76 0.24 0.2 0.18 1.0 1.0 1.0 0.4 0.36 0.4 0.4 0.4 1.0
-0.3047182419026818 -0.0034557519952746482 0.035933673051806315 1 0.36 1.0 0.78 0.78 0.24 0.2 0.2 1.0 1.0 1.0 0.4 0.36 0.4 0.4 0.4 1.0
-0.41595642595250815 0.07936012207257749 0.03779077190553511 1 0.36 1.0 0.78 0.78 0.26 0.22000000000000003 0.22000000000000003 1.0 1.0 1.0 0.4 0.33999999999999997 0.4 0.38 0.38 1.0
-0.49438677341820575 0.10918780174036934 0.042677491294079335 1 0.33999999999999997 1.0 0.78 0.78 0.74 0.22000000000000003 0.22000000000000003 1.0 1.0 1.0 0.38 0.33999999999999997 0.38 0.36 0.36 1.0
-0.48769881638334867 0.1114567318277402 0.04834991277265881 1 0.32 1.0 0.78 0.78 0.76 0.24 0.24 1.0 1.0 1.0 0.36 0.32 0.36 0.5 0.33999999999999997 1.0
-0.46099939968030623 0.12037535895810177 0.05366910924348467 1 0.3 1.0 0.78 0.78 0.78 0.26 0.26 1.0 1.0 1.0 0.36 0.32 0.36 0.48 0.33999999999999997 1.0
-0.41051344125213896 0.13781119993010332 0.0596515167054616 1 0.27999999999999997 1.0 0.8400000000000001 0.8 0.8 0.27999999999999997 0.27999999999999997 1.0 1.0 1.0 0.36 0.3 0.33999999999999997 0.45999999999999996 0.32 1.0
-0.33727009051833473 0.17151350445204547 0.06733803660695271 1 0.27999999999999997 1.0 0.8400000000000001 0.8 0.8 0.3 0.3 1.0 1.0 1.0 0.33999999999999997 0.3 0.33999999999999997 0.44000000000000006 0.3 1.0
-0.2711122230173106 0.19441222966173555 0.07682938628272773 1 0.26 1.0 0.8400000000000001 0.8 0.82 0.32 0.32 1.0 0.27999999999999997 1.0 0.33999999999999997 0.27999999999999997 0.32 0.42000000000000004 0.3 0.3
-0.18811572112044508 0.189211142488781 0.09610751415118243 1 0.26 1.0 0.8400000000000001 0.8 0.82 0.32 0.32 1.0 0.3 1.0 0.33999999999999997 0.27999999999999997 0.32 0.4 0.27999999999999997 0.3
-0.08144823002589181 0.18788470513711264 0.11111066045881426 1 0.26 0.26 0.86 0.8 0.8400000000000001 0.33999999999999997 0.33999999999999997 1.0 0.3 1.0 0.33999999999999997 0.27999999999999997 0.32 0.36 0.27999999999999997 0.27999999999999997
0.11121750316057347 -0.020106192670472624 0.11088411842534227 1 0.26 0.26 0.86 0.8 0.8400000000000001 0.33999999999999997 0.33999999999999997 1.0 0.3 1.0 0.33999999999999997 0.27999999999999997 0.32 0.36 0.27999999999999997 0.27999999999999997
0.2665162534424426 -0.0037350047290477307 0.11054097567321912 1 0.26 0.26 0.86 0.8 0.8400000000000001 0.33999999999999997 0.32 1.0 0.3 1.0 0.33999999999999997 0.27999999999999997 0.32 0.38 0.27999999999999997 0.27999999999999997
0.33952573474716374 -0.15365878984094525 0.10282234294028449 1 0.26 0.27999999999999997 0.8400000000000001 0.8 0.82 0.32 0.32 1.0 0.27999999999999997 1.0 0.36 0.27999999999999997 0.32 0.38 0.3 0.3
0.3966908154151274 -0.19507545665994835 0.09295235082298361 1 0.27999999999999997 1.0 0.8400000000000001 0.78 0.8 0.32 0.3 1.0 0.27999999999999997 1.0 0.36 0.3 0.33999999999999997 0.4 0.3 1.0
0.4361373394722119 -0.21106267943953516 0.08916562780291414 1 0.3 1.0 0.8400000000000001 0.78 0.8 0.27999999999999997 0.27999999999999997 1.0 0.26 1.0 0.36 0.3 0.33999999999999997 0.44000000000000006 0.32 1.0
0.4006143829816388 -0.21411699239872933 0.07743628121812847 1 0.3 1.0 0.8400000000000001 0.78 0.78 0.27999999999999997 0.26 1.0 1.0 1.0 0.36 0.32 0.36 0.45999999999999996 0.33999999999999997 1.0
0.3945333371490694 -0.14767231979616738 0.06639030341167526 1 0.32 1.0 0.78 0.78 0.76 0.26 0.24 1.0 1.0 1.0 0.36 0.32 0.36 0.5 0.33999999999999997 1.0
0.3133763219767707 -0.0904080547439437 0.05380715767069963 1 0.32 1.0 0.78 0.78 0.76 0.24 0.24 1.0 1.0 1.0 0.38 0.33999999999999997 0.38 0.36 0.36 1.0
0.18414864787834473 0.030630529131776215 0.0510465048425026 1 0.33999999999999997 1.0 0.78 0.78 0.74 0.22000000000000003 0.22000000000000003 1.0 1.0 1.0 0.4 0.33999999999999997 0.38 0.36 0.36 1.0
-0.015849867382207065 0.0841597793120532 0.05388939941399506 1 0.33999999999999997 1.0 0.78 0.78 0.74 0.22000000000000003 0.22000000000000003 1.0 1.0 1.0 0.4 0.33999999999999997 0.38 0.38 0.38 1.0
-0.04640371785203308 0.19202112705599692 0.06084322943001736 1 0.33999999999999997 1.0 0.78 0.78 0.74 0.22000000000000003 0.22000000000000003 1.0 1.0 1.0 0.4 0.33999999999999997 0.36 0.52 0.38 1.0
-0.092557405185948 0.22343705778494838 0.07624209213142075 1 0.33999999999999997 1.0 0.78 0.78 0.74 0.24 0.22000000000000003 1.0 0.2 1.0 0.4 0.33999999999999997 0.36 0.5 0.38 1.0
-0.0915077221206779 0.2189166579605837 0.08927108455598169 1 0.33999999999999997 1.0 0.8400000000000001 0.78 0.74 0.24 0.24 1.0 0.2 1.0 0.4 0.33999999999999997 0.33999999999999997 0.45999999999999996 0.36 1.0
-0.10333917868558143 0.2466150320873709 0.10262301780397981 1 0.33999999999999997 1.0 0.8400000000000001 0.76 0.74 0.26 0.24 1.0 0.2 1.0 0.38 0.33999999999999997 0.33999999999999997 0.45999999999999996 0.36 1.0
-0.032669000661751914 0.14528121719042875 0.11275995798070508 1 0.33999999999999997 1.0 0.8400000000000001 0.76 0.76 0.26 0.24 1.0 0.2 1.0 0.38 0.32 0.32 0.45999999999999996 0.36 1.0
0.05060863502389623 -0.023561945966118936 0.11505344581530098 1 0.33999999999999997 1.0 0.8400000000000001 0.76 0.74 0.26 0.24 1.0 0.2 1.0 0.38 0.32 0.32 0.45999999999999996 0.36 1.0
0.12265011446724614 0.006649704845220656 0.11562399343277183 1 0.33999999999999997 1.0 0.8400000000000001 0.76 0.74 0.26 0.24 1.0 0.2 1.0 0.38 0.32 0.32 0.45999999999999996 0.36 1.0
0.1913480837242233 0.009180432517474175 0.11645498664093026 1 0.33999999999999997 1.0 0.82 0.76 0.74 0.26 0.24 1.0 0.2 1.0 0.38 0.33999999999999997 0.33999999999999997 0.48 0.38 1.0
0.21314032758694423 -0.04860742250302816 0.11842691949562914 1 0.36 1.0 0.82 0.76 0.74 0.24 0.22000000000000003 1.0 0.2 1.0 0.5 0.33999999999999997 0.33999999999999997 0.48 0.38 1.0
0.1855308199056554 -0.15112807101121903 0.11312553539215622 1 0.36 1.0 0.82 0.76 0.72 0.24 0.22000000000000003 1.0 0.18 1.0 0.4 0.33999999999999997 0.33999999999999997 0.5 0.38 1.0
0.17804020710579704 -0.18961258074463846 0.10427984683636243 1 0.36 1.0 0.82 0.76 0.72 0.22000000000000003 0.22000000000000003 1.0 0.18 1.0 0.4 0.33999999999999997 0.33999999999999997 0.5 0.4 1.0
0.18680083675950365 -0.184428953922061 0.09360768353325846 1 0.36 1.0 0.76 0.76 0.72 0.22000000000000003 0.2 1.0 0.18 1.0 0.36 0.33999999999999997 0.36 0.5 0.4 1.0
0.1681135526386764 -0.1651081524457903 0.07853004023883922 1 0.38 1.0 0.76 0.76 0.7 0.2 0.2 1.0 0.16 1.0 0.33999999999999997 0.33999999999999997 0.36 0.52 0.4 1.0
0.09894670392060896 -0.18161896935484506 0.07463661765480535 1 0.38 1.0 0.76 0.76 0.7 0.2 0.2 1.0 0.16 1.0 0.4 0.33999999999999997 0.36 0.4 0.4 1.0
0.0360950678500118 -0.16964601262053206 0.06530924808404082 1 0.38 1.0 0.76 0.76 0.7 0.2 0.18 1.0 0.16 1.0 0.4 0.33999999999999997 0.38 0.4 0.4 1.0
0.013417544233609514 -0.10225884728226758 0.056966804039472525 1 0.38 1.0 0.76 0.76 0.7 0.2 0.18 1.0 1.0 1.0 0.33999999999999997 0.33999999999999997 0.38 0.4 0.4 1.0
-0.04943843735441189 -0.10772172319757749 0.04865995387610055 1 0.38 0.96 0.76 0.76 0.7 0.2 0.18 1.0 1.0 1.0 0.42000000000000004 0.32 0.42000000000000004 0.4 0.4 1.0
-0.09176131027442898 0.0751015193129468 0.04757881400431976 1 0.38 0.9400000000000001 0.76 0.74 0.7 0.2 0.18 1.0 1.0 1.0 0.42000000000000004 0.32 0.42000000000000004 0.4 0.4 1.0
-0.19820825117834778 0.08868017913641787 0.053924845474202246 1 0.36 1.0 0.76 0.76 0.7 0.2 0.2 1.0 1.0 1.0 0.52 0.32 0.42000000000000004 0.4 0.4 1.0
-0.23484743467445546 0.11718141313016273 0.05596891317141855 1 0.36 1.0 0.76 0.76 0.72 0.2 0.2 1.0 1.0 1.0 0.4 0.36 0.42000000000000004 0.4 0.4 1.0
-0.26885043638906864 0.14847516301836777 0.06289443071501377 1 0.36 1.0 0.76 0.76 0.72 0.22000000000000003 0.22000000000000003 1.0 0.18 1.0 0.4 0.36 0.38 0.38 0.38 1.0
-0.23178587256913763 0.19268435405420972 0.07117549433452933 1 0.33999999999999997 1.0 0.78 0.78 0.72 0.22000000000000003 0.22000000000000003 1.0 0.18 1.0 0.4 0.33999999999999997 0.36 0.52 0.38 1.0
-0.21845421928048303 0.16777850414426138 0.08174872841345168 1 0.33999999999999997 1.0 0.76 0.76 0.74 0.24 0.24 1.0 0.2 1.0 0.4 0.33999999999999997 0.36 0.5 0.36 1.0
-0.13071509279905802 0.16458455831632235 0.0907549582107349 1 0.33999999999999997 1.0 0.82 0.76 0.74 0.24 0.24 1.0 0.2 1.0 0.4 0.33999999999999997 0.33999999999999997 0.45999999999999996 0.36 1.0
-0.04741228607714546 0.011990411883203447 0.09902831075130152 1 0.33999999999999997 1.0 0.82 0.76 0.74 0.26 0.24 1.0 0.2 1.0 0.4 0.33999999999999997 0.33999999999999997 0.45999999999999996 0.36 1.0
-0.01753081586469581 -0.01996656812410641 0.09915420732109312 1 0.32 1.0 0.82 0.76 0.74 0.26 0.24 1.0 0.22000000000000003 1.0 0.4 0.33999999999999997 0.33999999999999997 0.45999999999999996 0.36 1.0
0.047365707923628916 -0.0039968041344507045 0.09834464283272272 1 0.32 1.0 0.82 0.76 0.74 0.26 0.24 1.0 0.22000000000000003 1.0 0.4 0.33999999999999997 0.33999999999999997 0.45999999999999996 0.36 1.0
0.1632177049328415 -0.016650441455420974 0.09768337938245622 1 0.33999999999999997 1.0 0.82 0.76 0.74 0.26 0.24 1.0 0.2 1.0 0.4 0.33999999999999997 0.33999999999999997 0.45999999999999996 0.36 1.0
0.18964550200533187 -0.0019896754030402975 0.09823053631642369 1 0.33999999999999997 1.0 0.82 0.76 0.74 0.24 0.24 1.0 0.2 1.0 0.4 0.33999999999999997 0.33999999999999997 0.48 0.36 1.0
0.17430417223319977 -0.06031858217260719 0.09911395692115246 1 0.33999999999999997 1.0 0.82 0.76 0.74 0.24 0.22000000000000003 1.0 0.2 1.0 0.4 0.33999999999999997 0.33999999999999997 0.48 0.38 1.0
0.16118574125329588 -0.12836897034789516 0.094105832900106 1 0.33999999999999997 1.0 0.76 0.76 0.72 0.24 0.22000000000000003 1.0 0.2 1.0 0.4 0.33999999999999997 0.33999999999999997 0.48 0.38 1.0
0.18070850283201748 -0.11945033489515497 0.08735476517676945 1 0.36 1.0 0.76 0.76 0.72 0.22000000000000003 0.22000000000000003 1.0 0.18 1.0 0.5 0.36 0.36 0.52 0.38 1.0
0.17565567798682757 -0.10745992613284351 0.08056109139034132 1 0.36 1.0 0.76 0.76 0.72 0.22000000000000003 0.22000000000000003 1.0 0.18 1.0 0.4 0.36 0.36 0.52 0.4 1.0
0.1570747214483069 -0.10958922335146953 0.07479602728995431 1 0.36 1.0 0.76 0.76 0.7 0.2 0.2 1.0 0.16 1.0 0.52 0.36 0.38 0.4 0.4 1.0
0.09075877271837621 -0.11971214028226758 0.06888301893428503 1 0.36 1.0 0.76 0.76 0.7 0.2 0.2 1.0 0.16 1.0 0.42000000000000004 0.36 0.38 0.4 0.4 1.0
0.05154520155831174 -0.08721410891600466 0.06173682254485004 1 0.38 1.0 0.76 0.76 0.7 0.2 0.2 1.0 0.16 1.0 0.42000000000000004 0.38 0.38 0.4 0.4 1.0
0.02784024756386911 -0.023561945966118936 0.056688572628598735 1 0.38 0.96 0.76 0.76 0.7 0.2 0.18 1.0 1.0 1.0 0.42000000000000004 0.38 0.42000000000000004 0.4 0.4 1.0
-0.008228218992152023 -0.012391837655492963 0.055773666537722665 1 0.38 0.96 0.76 0.76 0.7 0.2 0.2 1.0 1.0 1.0 0.42000000000000004 0.38 0.4 0.4 0.4 1.0
-0.0682859770590915 0.10478957443437244 0.055375217478068124 1 0.38 1.0 0.76 0.76 0.7 0.2 0.2 1.0 1.0 1.0 0.42000000000000004 0.38 0.42000000000000004 0.4 0.4 1.0
-0.1722413116199154 0.1539380389336777 0.06434145066037256 1 0.38 1.0 0.76 0.76 0.7 0.2 0.2 1.0 0.16 1.0 0.42000000000000004 0.38 0.38 0.4 0.4 1.0
-0.18564669767985925 0.16631243392384817 0.07352820157626598 1 0.36 1.0 0.76 0.76 0.7 0.2 0.2 1.0 0.16 1.0 0.4 0.36 0.38 0.4 0.4 1.0
-0.2083513809902291 0.12863076741262913 0.08288891552754568 1 0.36 1.0 0.76 0.76 0.72 0.22000000000000003 0.22000000000000003 1.0 0.18 1.0 0.4 0.36 0.36 0.52 0.4 1.0
-0.11632670364987058 0.10878637180689049 0.08912130457601906 1 0.36 1.0 0.76 0.76 0.72 0.22000000000000003 0.22000000000000003 1.0 0.18 1.0 0.4 0.36 0.36 0.48 0.38 1.0
-0.05142358521677877 -0.007190756724322379 0.09134362068645449 1 0.36 1.0 0.76 0.76 0.72 0.24 0.22000000000000003 1.0 0.18 1.0 0.4 0.36 0.36 0.48 0.38 1.0
-0.045291024772132225 -0.00026179938914832755 0.09062550922042537 1 0.36 1.0 0.76 0.76 0.72 0.24 0.22000000000000003 1.0 0.18 1.0 0.4 0.33999999999999997 0.33999999999999997 0.48 0.38 1.0
-0.001031882277990932 -0.0019896754030402975 0.0900867823659435 1 0.36 1.0 0.76 0.76 0.72 0.24 0.22000000000000003 1.0 0.18 1.0 0.5 0.33999999999999997 0.33999999999999997 0.48 0.38 1.0
0.05895992846368579 -0.019303341125893596 0.09044636011776054 1 0.36 1.0 0.76 0.76 0.72 0.24 0.22000000000000003 1.0 0.18 1.0 0.4 0.33999999999999997 0.33999999999999997 0.48 0.38 1.0
0.1023634621228938 -0.00040142573978022304 0.09034473288774729 1 0.36 1.0 0.76 0.76 0.72 0.24 0.22000000000000003 1.0 0.18 1.0 0.4 0.33999999999999997 0.33999999999999997 0.48 0.38 1.0
0.08863235919762812 0.0010646508849634195 0.09112226990752649 1 0.36 1.0 0.76 0.76 0.72 0.22000000000000003 0.22000000000000003 1.0 0.18 1.0 0.5 0.36 0.36 0.5 0.38 1.0
0.07522977181145778 0.003054326222985134 0.09160721588093906 1 0.36 1.0 0.76 0.76 0.72 0.22000000000000003 0.22000000000000003 1.0 0.18 1.0 0.4 0.36 0.36 0.5 0.38 1.0
0.07731763480472179 -0.06817256069365574 0.09165231792020986 1 0.36 1.0 0.76 0.76 0.72 0.22000000000000003 0.22000000000000003 1.0 0.18 1.0 0.4 0.36 0.36 0.5 0.38 1.0
0.07542708062097295 -0.04380776526355243 0.08762461162332959 1 0.36 1.0 0.76 0.76 0.72 0.22000000000000003 0.2 1.0 0.18 1.0 0.4 0.36 0.36 0.52 0.4 1.0
0.07211597694688647 -0.012112585441868546 0.08656468514576593 1 0.36 1.0 0.76 0.76 0.7 0.22000000000000003 0.2 1.0 0.18 1.0 0.4 0.36 0.36 0.52 0.4 1.0
0.05150329414044617 0.005724680262125195 0.08622794542681728 1 0.36 1.0 0.74 0.74 0.7 0.2 0.2 1.0 0.18 1.0 0.4 0.36 0.36 0.52 0.4 1.0
0.018542171841502135 0.0039968041344507045 0.08640646497678126 1 0.36 1.0 0.76 0.76 0.7 0.2 0.2 1.0 0.16 1.0 0.4 0.36 0.36 0.52 0.4 1.0
-0.0010313710586192801 0.020367993896395924 0.08639210069981977 1 0.36 1.0 0.76 0.76 0.7 0.22000000000000003 0.2 1.0 0.16 1.0 0.4 0.36 0.36 0.52 0.4 1.0
-0.05157777832750816 0.010122909648716748 0.0866655198054105 1 0.36 1.0 0.76 0.76 0.7 0.22000000000000003 0.2 1.0 0.16 1.0 0.4 0.36 0.36 0.52 0.4 1.0
-0.042177181450546136 0.007731808603424103 0.08694979835851516 1 0.36 1.0 0.76 0.76 0.7 0.22000000000000003 0.2 1.0 0.16 1.0 0.4 0.36 0.36 0.52 0.4 1.0
-0.04260654310308985 -0.005724680262125195 0.08684435070622051 1 0.36 1.0 0.76 0.76 0.7 0.22000000000000003 0.2 1.0 0.18 1.0 0.4 0.36 0.36 0.52 0.4 1.0
-0.04451879857814736 -0.005864306368937404 0.08669779288090648 1 0.36 1.0 0.76 0.76 0.72 0.22000000000000003 0.2 1.0 0.18 1.0 0.4 0.36 0.36 0.52 0.4 1.0
-0.03500045699904618 -0.007051130617510171 0.08679221555371465 1 0.36 1.0 0.76 0.76 0.72 0.22000000000000003 0.2 1.0 0.18 1.0 0.52 0.36 0.36 0.52 0.4 1.0
-0.04327823131226532 -0.0067893309520328645 0.08648552839759853 1 0.36 1.0 0.76 0.76 0.72 0.22000000000000003 0.22000000000000003 1.0 0.18 1.0 0.4 0.36 0.36 0.52 0.4 1.0
-0.023773201875542556 -0.015847589910841942 0.08639627997427268 1 0.36 1.0 0.76 0.76 0.72 0.22000000000000003 0.22000000000000003 1.0 0.18 1.0 0.4 0.36 0.36 0.52 0.38 1.0
-0.013388915481845069 -0.006928957578993739 0.08574656424308999 1 0.36 1.0 0.76 0.76 0.72 0.22000000000000003 0.22000000000000003 1.0 0.18 1.0 0.4 0.36 0.36 0.52 0.38 1.0
-0.02268685874384308 0.015044738366262914 0.0858057613038316 1 0.36 1.0 0.76 0.76 0.72 0.22000000000000003 0.22000000000000003 1.0 0.18 1.0 0.4 0.36 0.36 0.52 0.38 1.0
0.0010326099308031326 -0.002391101045292646 0.08607351813319303 1 0.36 1.0 0.76 0.76 0.72 0.22000000000000003 0.22000000000000003 1.0 0.18 1.0 0.4 0.36 0.36 0.52 0.38 1.0
0.011327195675461695 -0.01864011620827544 0.08630234145024052 1 0.36 1.0 0.76 0.76 0.72 0.22000000000000003 0.22000000000000003 1.0 0.18 1.0 0.4 0.36 0.36 0.52 0.38 1.0
0.03499123049269749 -0.007993608268901409 0.08521634303712121 1 0.36 1.0 0.76 0.76 0.72 0.22000000000000003 0.22000000000000003 1.0 0.18 1.0 0.4 0.36 0.36 0.52 0.38 1.0
0.04842440847128755 -0.0009250245180768781 0.08495665515818658 1 0.36 1.0 0.76 0.76 0.72 0.22000000000000003 0.22000000000000003 1.0 0.18 1.0 0.4 0.36 0.36 0.52 0.4 1.0
0.053577470832046954 -0.0031939525898716753 0.08489745095522432 1 0.36 1.0 0.76 0.76 0.72 0.22000000000000003 0.2 1.0 0.18 1.0 0.4 0.36 0.36 0.52 0.4 1.0
0.04021749755914665 -0.002932153184468702 0.08513738779544239 1 0.36 1.0 0.76 0.76 0.72 0.22000000000000003 0.2 1.0 0.18 1.0 0.4 0.36 0.36 0.52 0.4 1.0
0.02473438588765483 -0.0026703537790657285 0.08497667064744029 1 0.36 1.0 0.76 0.76 0.72 0.22000000000000003 0.2 1.0 0.18 1.0 0.4 0.36 0.36 0.52 0.4 1.0
0.01548571167845985 0.001466076592234351 0.08535179101308885 1 0.36 1.0 0.76 0.76 0.72 0.22000000000000003 0.2 1.0 0.18 1.0 0.4 0.36 0.36 0.52 0.4 1.0
0.013850412522864366 -0.0039968041344507045 0.0855040502258983 1 0.36 1.0 0.76 0.76 0.7 0.22000000000000003 0.2 1.0 0.16 1.0 0.4 0.36 0.36 0.52 0.4 1.0
-0.0010307739302059587 0.009721483876427234 0.08560058353052605 1 0.36 1.0 0.74 0.74 0.7 0.22000000000000003 0.2 1.0 0.16 1.0 0.4 0.36 0.36 0.52 0.4 1.0
-0.0020594999808135196 -0.023561945966118936 0.08577588059081788 1 0.36 1.0 0.74 0.74 0.7 0.22000000000000003 0.2 1.0 0.16 1.0 0.5 0.36 0.36 0.52 0.4 1.0
-0.019516443457604588 -0.0018675023645238654 0.08565175638507119 1 0.36 1.0 0.74 0.74 0.7 0.22000000000000003 0.2 1.0 0.16 1.0 0.4 0.36 0.36 0.52 0.4 1.0
0.0 -0.00026179938914832755 0.08625128778510908 1 0.36 1.0 0.76 0.76 0.7 0.22000000000000003 0.2 1.0 0.18 1.0 0.4 0.36 0.36 0.52 0.4 1.0
-0.0020612245249991257 0.009234876904117947 0.08599807453479236 1 0.36 1.0 0.76 0.76 0.7 0.22000000000000003 0.2 1.0 0.18 1.0 0.4 0.36 0.36 0.52 0.4 1.0
-0.02971598717028207 -0.027296950435092334 0.08662675346518349 1 0.36 1.0 0.76 0.76 0.7 0.22000000000000003 0.2 1.0 0.18 1.0 0.4 0.36 0.36 0.52 0.4 1.0
-0.04432062176590532 0.016249015683131456 0.08622097834716987 1 0.36 1.0 0.76 0.76 0.72 0.22000000000000003 0.2 1.0 0.18 1.0 0.4 0.36 0.36 0.52 0.4 1.0
-0.034027183391653885 -0.004799655679029733 0.08695012310170903 1 0.36 1.0 0.76 0.76 0.72 0.22000000000000003 0.2 1.0 0.18 1.0 0.4 0.36 0.36 0.52 0.4 1.0
-0.038628500548613984 0.002530727412179187 0.08698360261391999 1 0.36 1.0 0.76 0.76 0.72 0.22000000000000003 0.2 1.0 0.18 1.0 0.4 0.36 0.36 0.52 0.4 1.0
-0.04019015977707572 0.007051130617510171 0.08667885060866333 1 0.36 1.0 0.76 0.76 0.72 0.22000000000000003 0.22000000000000003 1.0 0.18 1.0 0.4 0.36 0.36 0.52 0.4 1.0
-0.03395593217973728 -0.002391101045292646 0.08646789045792762 1 0.36 1.0 0.76 0.76 0.72 0.22000000000000003 0.2 1.0 0.18 1.0 0.4 0.36 0.36 0.52 0.38 1.0
-0.028688981526638964 -0.018901915353604082 0.08663491665617655 1 0.36 1.0 0.76 0.76 0.72 0.22000000000000003 0.22000000000000003 1.0 0.18 1.0 0.4 0.36 0.36 0.52 0.38 1.0
-0.021617439997805223 0.011990411883203447 0.08609195400129403 1 0.36 1.0 0.78 0.78 0.72 0.22000000000000003 0.22000000000000003 1.0 0.18 1.0 0.4 0.36 0.36 0.52 0.38 1.0
-0.015446776422477493 0.020245819297433496 0.08635591470210288 1 0.36 1.0 0.76 0.76 0.72 0.22000000000000003 0.22000000000000003 1.0 0.18 1.0 0.4 0.36 0.36 0.52 0.38 1.0
0.0020611596983663395 -0.023561945966118936 0.0854387722874031 1 0.36 1.0 0.78 0.78 0.72 0.22000000000000003 0.22000000000000003 1.0 0.18 1.0 0.4 0.36 0.36 0.52 0.38 1.0
0.00927688961508334 -0.0026703537790657285 0.08539530376655158 1 0.36 1.0 0.76 0.76 0.72 0.22000000000000003 0.22000000000000003 1.0 0.18 1.0 0.4 0.36 0.36 0.52 0.38 1.0
0.03404201856090543 -0.018779742835236313 0.0860577872370861 1 0.36 1.0 0.76 0.76 0.72 0.22000000000000003 0.22000000000000003 1.0 0.18 1.0 0.4 0.36 0.36 0.52 0.38 1.0
0.0504146211141543 -0.006649704845220656 0.08533645452562644 1 0.36 1.0 0.76 0.76 0.72 0.22000000000000003 0.22000000000000003 1.0 0.18 1.0 0.4 0.36 0.36 0.52 0.38 1.0
0.05259772250748819 -0.004258603539853678 0.08486013551176323 1 0.36 1.0 0.76 0.76 0.72 0.22000000000000003 0.22000000000000003 1.0 0.18 1.0 0.4 0.36 0.36 0.52 0.38 1.0
0.050413027786251605 0.002932153184468702 0.08493479075588939 1 0.36 1.0 0.76 0.76 0.72 0.22000000000000003 0.2 1.0 0.18 1.0 0.4 0.36 0.36 0.52 0.4 1.0
0.04032086318133707 0.0035953783621611897 0.08539265950105693 1 0.36 1.0 0.76 0.76 0.72 0.22000000000000003 0.2 1.0 0.18 1.0 0.4 0.36 0.36 0.52 0.4 1.0
0.027869709350339972 -0.006265732141226918 0.0858128473296923 1 0.36 1.0 0.76 0.76 0.7 0.22000000000000003 0.2 1.0 0.18 1.0 0.4 0.36 0.36 0.52 0.4 1.0
0.014428896254982719 0.0043982299067402185 0.08560059919711661 1 0.36 1.0 0.76 0.76 0.72 0.22000000000000003 0.2 1.0 0.18 1.0 0.4 0.36 0.36 0.52 0.4 1.0
0.010294443530317197 -0.009180432517474175 0.08598474471143418 1 0.36 1.0 0.76 0.76 0.72 0.22000000000000003 0.2 1.0 0.18 1.0 0.4 0.36 0.36 0.52 0.4 1.0
-0.003092036695983149 -0.038885935505708936 0.08629188265611418 1 0.36 1.0 0.76 0.76 0.72 0.22000000000000003 0.2 1.0 0.18 1.0 0.4 0.36 0.36 0.52 0.4 1.0
-0.005951318382045914 -0.0026703537790657285 0.08580864397748078 1 0.36 1.0 0.76 0.76 0.7 0.22000000000000003 0.2 1.0 0.18 1.0 0.4 0.36 0.36 0.52 0.4 1.0
-0.025049421052140256 0.010122909648716748 0.08631110522056996 1 0.36 1.0 0.76 0.76 0.7 0.22000000000000003 0.2 1.0 0.18 1.0 0.4 0.36 0.36 0.52 0.4 1.0
-0.026813504681851126 0.002530727412179187 0.08636082151685343 1 0.36 1.0 0.76 0.76 0.72 0.22000000000000003 0.2 1.0 0.18 1.0 0.4 0.36 0.36 0.52 0.4 1.0
-0.03669741909155444 0.004921828717546165 0.08650254495956534 1 0.36 1.0 0.76 0.76 0.72 0.22000000000000003 0.2 1.0 0.18 1.0 0.4 0.36 0.36 0.52 0.4 1.0
-0.04851887581299155 0.008656833186519565 0.08634757761909152 1 0.36 1.0 0.76 0.76 0.72 0.22000000000000003 0.2 1.0 0.18 1.0 0.4 0.36 0.36 0.52 0.4 1.0
-0.04121552119410794 0.007190756724322379 0.08635334949013272 1 0.36 1.0 0.76 0.76 0.72 0.22000000000000003 0.22000000000000003 1.0 0.18 1.0 0.4 0.36 0.36 0.52 0.4 1.0
-0.03161164905749298 -0.009861110503388108 0.08631668232649033 1 0.36 1.0 0.76 0.76 0.72 0.22000000000000003 0.22000000000000003 1.0 0.18 1.0 0.5 0.36 0.36 0.52 0.4 1.0
-0.019546035137785578 0.00932005810413772 0.08609240859602084 1 0.36 1.0 0.76 0.76 0.72 0.22000000000000003 0.22000000000000003 1.0 0.18 1.0 0.4 0.36 0.36 0.52 0.38 1.0
0.008262807995462015 -0.015306537511591556 0.08620183072473477 1 0.36 1.0 0.76 0.76 0.72 0.22000000000000003 0.22000000000000003 1.0 0.18 1.0 0.4 0.36 0.36 0.52 0.38 1.0
0.004110621410090216 0.007330382831134588 0.08580511209817086 1 0.36 1.0 0.76 0.76 0.72 0.22000000000000003 0.22000000000000003 1.0 0.18 1.0 0.4 0.36 0.36 0.52 0.38 1.0
0.03196894442295175 -0.005585053635164321 0.08581873070285315 1 0.36 1.0 0.76 0.76 0.72 0.22000000000000003 0.22000000000000003 1.0 0.18 1.0 0.4 0.36 0.36 0.52 0.38 1.0
0.02888139727640738 -0.0008028514795604461 0.08526884603150107 1 0.36 1.0 0.76 0.76 0.72 0.22000000000000003 0.22000000000000003 1.0 0.18 1.0 0.4 0.36 0.36 0.52 0.38 1.0
0.04854707296016666 -0.0012042771868313775 0.08551169883511081 1 0.36 1.0 0.76 0.76 0.72 0.22000000000000003 0.22000000000000003 1.0 0.18 1.0 0.4 0.36 0.36 0.52 0.4 1.0
0.04435761530051349 0.0012042771868313775 0.0856948029097182 1 0.36 1.0 0.74 0.74 0.72 0.22000000000000003 0.2 1.0 0.18 1.0 0.4 0.36 0.36 0.52 0.4 1.0
0.042264851508172066 0.006126106034414709 0.08611712177930156 1 0.36 1.0 0.76 0.76 0.72 0.22000000000000003 0.2 1.0 0.18 1.0 0.5 0.36 0.36 0.52 0.4 1.0
0.03195993869546332 -0.005061454824358374 0.08617512409609139 1 0.36 1.0 0.76 0.76 0.7 0.22000000000000003 0.2 1.0 0.18 1.0 0.4 0.36 0.36 0.52 0.4 1.0
0.02263081990073573 0.004799655679029733 0.08639552185649128 1 0.36 1.0 0.76 0.76 0.7 0.22000000000000003 0.2 1.0 0.18 1.0 0.4 0.36 0.36 0.52 0.4 1.0
0.020615134180021415 0.0005410520741574728 0.08664793982327879 1 0.36 1.0 0.76 0.76 0.7 0.2 0.2 1.0 0.16 1.0 0.52 0.36 0.36 0.52 0.4 1.0
-0.000991064338273783 0.01331686275873709 0.08671593074255542 1 0.36 1.0 0.76 0.76 0.7 0.22000000000000003 0.2 1.0 0.16 1.0 0.4 0.36 0.36 0.52 0.4 1.0
-0.01135621936674917 -0.015585790765513302 0.08695093483120812 1 0.36 1.0 0.76 0.76 0.7 0.22000000000000003 0.2 1.0 0.16 1.0 0.4 0.36 0.36 0.52 0.4 1.0
-0.033014131469756784 0.001466076592234351 0.08667434431919631 1 0.36 1.0 0.76 0.76 0.7 0.22000000000000003 0.2 1.0 0.16 1.0 0.4 0.36 0.36 0.52 0.4 1.0
-0.03460775263279406 0.009861110503388108 0.08680901162220486 1 0.36 1.0 0.76 0.76 0.7 0.22000000000000003 0.2 1.0 0.18 1.0 0.4 0.36 0.36 0.52 0.4 1.0
-0.048463796420805734 0.005585053635164321 0.08674985638061905 1 0.36 1.0 0.76 0.76 0.72 0.22000000000000003 0.2 1.0 0.18 1.0 0.4 0.36 0.36 0.52 0.4 1.0
-0.03764224733214032 0.007051130617510171 0.08658388197396662 1 0.36 1.0 0.76 0.76 0.72 0.22000000000000003 0.2 1.0 0.18 1.0 0.4 0.36 0.36 0.52 0.4 1.0
-0.04641892599798833 -0.008656833186519565 0.08654200855770906 1 0.36 1.0 0.76 0.76 0.72 0.22000000000000003 0.2 1.0 0.18 1.0 0.4 0.36 0.36 0.52 0.4 1.0
-0.045292093247433024 0.0017278759976373241 0.08607451450101529 1 0.36 1.0 0.76 0.76 0.72 0.22000000000000003 0.22000000000000003 1.0 0.18 1.0 0.4 0.36 0.36 0.52 0.38 1.0
-0.029861498101999194 0.005986479407453836 0.0856735284785049 1 0.36 1.0 0.76 0.76 0.72 0.22000000000000003 0.22000000000000003 1.0 0.18 1.0 0.4 0.36 0.36 0.52 0.38 1.0
-0.014437031149324467 -0.005724680262125195 0.08571880810851612 1 0.36 1.0 0.76 0.76 0.72 0.22000000000000003 0.22000000000000003 1.0 0.18 1.0 0.4 0.36 0.36 0.52 0.38 1.0
-0.008229817134546426 0.013456489385697962 0.08552930878573528 1 0.36 1.0 0.78 0.78 0.72 0.22000000000000003 0.22000000000000003 1.0 0.18 1.0 0.4 0.36 0.36 0.52 0.38 1.0
0.0010306937555779171 0.007051130617510171 0.08511736453364532 1 0.36 1.0 0.78 0.78 0.72 0.22000000000000003 0.22000000000000003 1.0 0.18 1.0 0.4 0.36 0.36 0.52 0.38 1.0
0.00515616250342051 0.006265732141226918 0.08530342847478088 1 0.36 1.0 0.78 0.78 0.72 0.22000000000000003 0.22000000000000003 1.0 0.18 1.0 0.4 0.36 0.36 0.52 0.38 1.0
0.031973491844951976 -0.010384709834342719 0.08571659031637924 1 0.36 1.0 0.78 0.78 0.72 0.22000000000000003 0.22000000000000003 1.0 0.18 1.0 0.4 0.36 0.36 0.52 0.38 1.0
0.030872289368552887 -0.011850786296539904 0.08481473919206074 1 0.36 1.0 0.76 0.76 0.72 0.22000000000000003 0.22000000000000003 1.0 0.18 1.0 0.4 0.36 0.36 0.52 0.38 1.0
0.048416600277126534 -0.012653637841118934 0.08435750847941546 1 0.36 1.0 0.76 0.76 0.72 0.22000000000000003 0.22000000000000003 1.0 0.18 1.0 0.4 0.36 0.36 0.52 0.38 1.0
0.05770224636352848 -0.0016057029591208922 0.08451254634472918 1 0.36 1.0 0.76 0.76 0.72 0.22000000000000003 0.22000000000000003 1.0 0.18 1.0 0.4 0.36 0.36 0.52 0.38 1.0
0.05772314769245705 0.005864306368937404 0.08487388595374012 1 0.36 1.0 0.76 0.76 0.72 0.22000000000000003 0.2 1.0 0.18 1.0 0.4 0.36 0.36 0.52 0.4 1.0
0.04213722653274886 -0.0045204029452566505 0.08533096726033047 1 0.36 1.0 0.76 0.76 0.72 0.22000000000000003 0.2 1.0 0.16 1.0 0.4 0.36 0.36 0.52 0.4 1.0
0.025750333834731534 0.0027925268175821604 0.08554291700356428 1 0.36 1.0 0.76 0.76 0.7 0.22000000000000003 0.2 1.0 0.16 1.0 0.4 0.36 0.36 0.52 0.4 1.0
0.014847812668267193 0.009581858289763689 0.08581941864370055 1 0.36 1.0 0.76 0.76 0.7 0.22000000000000003 0.2 1.0 0.16 1.0 0.4 0.36 0.36 0.52 0.4 1.0
0.013438796124227007 0.005462880596647889 0.08593907123277834 1 0.36 1.0 0.74 0.74 0.7 0.22000000000000003 0.2 1.0 0.16 1.0 0.52 0.36 0.36 0.52 0.4 1.0
0.0 0.004799655679029733 0.08605306379057127 1 0.36 1.0 0.74 0.74 0.7 0.22000000000000003 0.2 1.0 0.16 1.0 0.4 0.36 0.36 0.52 0.4 1.0
-0.005168421771206271 -0.019442967752854468 0.08635525196380282 1 0.36 1.0 0.76 0.76 0.7 0.22000000000000003 0.2 1.0 0.16 1.0 0.4 0.36 0.36 0.52 0.4 1.0
-0.025746592835561327 -0.004136430501337245 0.08666132566244894 1 0.36 1.0 0.76 0.76 0.7 0.22000000000000003 0.2 1.0 0.16 1.0 0.4 0.36 0.36 0.52 0.4 1.0
-0.02377324851576486 0.010925761193295778 0.08609590525813754 1 0.36 1.0 0.76 0.76 0.7 0.22000000000000003 0.2 1.0 0.16 1.0 0.4 0.36 0.36 0.52 0.4 1.0
-0.03069080634190247 0.005724680262125195 0.08617138175975193 1 0.36 1.0 0.76 0.76 0.7 0.22000000000000003 0.2 1.0 0.18 1.0 0.4 0.36 0.36 0.52 0.4 1.0
-0.04133495149816952 -0.0063879051797433506 0.08577559803130547 1 0.36 1.0 0.76 0.76 0.72 0.22000000000000003 0.2 1.0 0.18 1.0 0.4 0.36 0.36 0.52 0.4 1.0
-0.04263223324770902 0.0008028514795604461 0.085825712982953 1 0.36 1.0 0.76 0.76 0.72 0.22000000000000003 0.2 1.0 0.18 1.0 0.4 0.36 0.36 0.52 0.4 1.0
-0.03809873570913714 0.0001396263506318955 0.0855775802968445 1 0.36 1.0 0.76 0.76 0.72 0.22000000000000003 0.2 1.0 0.18 1.0 0.4 0.36 0.36 0.52 0.4 1.0
-0.040216268831155366 -0.003857177767564163 0.08547663981223748 1 0.36 1.0 0.76 0.76 0.72 0.22000000000000003 0.22000000000000003 1.0 0.18 1.0 0.4 0.36 0.36 0.52 0.38 1.0
-0.028872856410866034 -0.00532325448983568 0.08522845837635154 1 0.36 1.0 0.76 0.76 0.72 0.22000000000000003 0.22000000000000003 1.0 0.18 1.0 0.5 0.36 0.36 0.52 0.38 1.0
-0.021586135117301005 0.010786134566334904 0.08498221783891405 1 0.36 1.0 0.76 0.76 0.72 0.22000000000000003 0.22000000000000003 1.0 0.18 1.0 0.4 0.36 0.36 0.52 0.38 1.0
0.007196261898988695 0.007731808603424103 0.08504593745555863 1 0.36 1.0 0.76 0.76 0.72 0.22000000000000003 0.22000000000000003 1.0 0.18 1.0 0.4 0.36 0.36 0.52 0.38 1.0
0.010853198737675348 -0.011047934751960874 0.08554828140207157 1 0.36 1.0 0.76 0.76 0.72 0.22000000000000003 0.22000000000000003 1.0 0.18 1.0 0.4 0.36 0.36 0.52 0.38 1.0
0.026726788229600944 0.008656833186519565 0.08485645344518687 1 0.36 1.0 0.76 0.76 0.72 0.22000000000000003 0.22000000000000003 1.0 0.18 1.0 0.4 0.36 0.36 0.52 0.38 1.0
0.02777218803622384 -0.005864306368937404 0.08486841342980092 1 0.36 1.0 0.76 0.76 0.72 0.22000000000000003 0.22000000000000003 1.0 0.18 1.0 0.4 0.36 0.36 0.52 0.38 1.0
0.046463126710399295 -0.014782939220934273 0.08522191268115306 1 0.36 1.0 0.76 0.76 0.72 0.22000000000000003 0.22000000000000003 1.0 0.18 1.0 0.5 0.36 0.36 0.52 0.4 1.0
0.05043710048384857 0.0 0.08536451915845941 1 0.36 1.0 0.76 0.76 0.72 0.22000000000000003 0.2 1.0 0.18 1.0 0.4 0.36 0.36 0.52 0.4 1.0
0.053572113983423944 -0.005061454824358374 0.0859653636988683 1 0.36 1.0 0.76 0.76 0.72 0.22000000000000003 0.2 1.0 0.18 1.0 0.4 0.36 0.36 0.52 0.4 1.0
0.037631683411603604 0.0013264502253478097 0.08606380190642053 1 0.36 1.0 0.76 0.76 0.72 0.22000000000000003 0.2 1.0 0.18 1.0 0.4 0.36 0.36 0.52 0.4 1.0
0.018541289424586195 0.0013264502253478097 0.08636641780777209 1 0.36 1.0 0.76 0.76 0.7 0.22000000000000003 0.2 1.0 0.16 1.0 0.4 0.36 0.36 0.52 0.4 1.0
0.0 -0.00532325448983568 0.08642402692758172 1 0.36 1.0 0.76 0.76 0.7 0.22000000000000003 0.2 1.0 0.16 1.0 0.5 0.36 0.36 0.52 0.4 1.0
-0.008908674769195523 0.006126106034414709 0.08632113937164043 1 0.36 1.0 0.76 0.76 0.7 0.22000000000000003 0.2 1.0 0.16 1.0 0.4 0.36 0.36 0.52 0.4 1.0
-0.02679957617638686 -0.0027925268175821604 0.08618134456732085 1 0.36 1.0 0.76 0.76 0.7 0.22000000000000003 0.2 1.0 0.16 1.0 0.4 0.36 0.36 0.52 0.4 1.0
-0.021630463232996923 -0.011990411883203447 0.0863872048042091 1 0.36 1.0 0.76 0.76 0.7 0.22000000000000003 0.2 1.0 0.18 1.0 0.4 0.36 0.36 0.52 0.4 1.0
-0.03559923466782963 0.0043982299067402185 0.08651367438491465 1 0.36 1.0 0.76 0.76 0.72 0.22000000000000003 0.2 1.0 0.18 1.0 0.4 0.36 0.36 0.52 0.4 1.0
-0.03817645649784494 0.007051130617510171 0.0859987649732837 1 0.36 1.0 0.76 0.76 0.72 0.22000000000000003 0.2 1.0 0.18 1.0 0.4 0.36 0.36 0.52 0.4 1.0
-0.041653205075134786 -0.0013264502253478097 0.08589065779802736 1 0.36 1.0 0.76 0.76 0.72 0.22000000000000003 0.2 1.0 0.18 1.0 0.4 0.36 0.36 0.52 0.4 1.0
-0.04544548909695483 -0.006126106034414709 0.08564527110963513 1 0.36 1.0 0.76 0.76 0.72 0.22000000000000003 0.22000000000000003 1.0 0.18 1.0 0.4 0.36 0.36 0.52 0.4 1.0
-0.03502094100148359 -0.0005410520741574728 0.08544567860355483 1 0.36 1.0 0.76 0.76 0.72 0.22000000000000003 0.2 1.0 0.18 1.0 0.4 0.36 0.36 0.52 0.4 1.0
-0.02367716199190126 0.0067893309520328645 0.0849939779874274 1 0.36 1.0 0.76 0.76 0.72 0.22000000000000003 0.22000000000000003 1.0 0.18 1.0 0.4 0.36 0.36 0.52 0.38 1.0
-0.020560177577651727 0.011309733897289516 0.08500334553245815 1 0.36 1.0 0.76 0.76 0.72 0.22000000000000003 0.22000000000000003 1.0 0.18 1.0 0.4 0.36 0.36 0.52 0.38 1.0
-0.018526197899009646 0.0016057029591208922 0.08511006359387997 1 0.36 1.0 0.76 0.76 0.72 0.22000000000000003 0.22000000000000003 1.0 0.18 1.0 0.4 0.36 0.36 0.52 0.38 1.0
0.0009881729853785245 0.004258603539853678 0.08519309287333908 1 0.36 1.0 0.76 0.76 0.72 0.22000000000000003 0.22000000000000003 1.0 0.18 1.0 0.4 0.36 0.36 0.52 0.38 1.0
0.011340934850712428 -0.011047934751960874 0.08493183809920593 1 0.36 1.0 0.76 0.76 0.72 0.22000000000000003 0.22000000000000003 1.0 0.18 1.0 0.4 0.36 0.36 0.52 0.38 1.0
0.03812288048360002 -0.01251401121415806 0.08503185233484335 1 0.36 1.0 0.76 0.76 0.72 0.22000000000000003 0.22000000000000003 1.0 0.18 1.0 0.4 0.36 0.36 0.52 0.38 1.0
0.048426908257570594 0.002268928006776214 0.08503188118290367 1 0.36 1.0 0.76 0.76 0.72 0.22000000000000003 0.22000000000000003 1.0 0.18 1.0 0.4 0.36 0.36 0.52 0.38 1.0
0.05357626371851488 -0.006265732141226918 0.08534584645373115 1 0.36 1.0 0.76 0.76 0.72 0.22000000000000003 0.2 1.0 0.18 1.0 0.5 0.36 0.36 0.52 0.4 1.0
0.04116662273990218 0.006265732141226918 0.08578469592907303 1 0.36 1.0 0.76 0.76 0.72 0.22000000000000003 0.2 1.0 0.18 1.0 0.4 0.36 0.36 0.52 0.4 1.0
0.037108373243364634 0.008656833186519565 0.0863238660460736 1 0.36 1.0 0.76 0.76 0.72 0.22000000000000003 0.2 1.0 0.18 1.0 0.4 0.36 0.36 0.52 0.4 1.0
