[[12.57412159 12.6236822  12.6732428  12.7228034  12.77236401 12.82192461
  12.87148522 12.92104582 12.97060643 13.02016703 13.06972764 13.11928824
  13.16884885 13.21840945 13.26797006 13.31753066 13.36709127 13.41665187
  13.46621247 13.51577308 13.56533368 13.61489429 13.66445489 13.7140155
  13.7635761  13.81313671 13.86269731 13.91225792 13.96181852 14.01137913
  14.06093973 14.11050034 14.15570068 14.20069981 14.24530029 14.2894001
  14.33269978 14.375      14.41270002 14.45040003 14.48810005 14.52579975
  14.56430054 14.60370064 14.6437006  14.68420029 14.72500038 14.77494727
  14.82489415 14.87484104 14.92478793 14.97473481 15.0246817  15.07462859
  15.12457547 15.17452236 15.22446924 15.27441613 15.32436302 15.3743099
  15.42425679 15.47420368 15.52415056 15.57409745 15.62404433 15.67399122
  15.72393811 15.77388499 15.82383188 15.87377877 15.92372565 15.97367254
  16.02361942 16.07356631 16.1235132  16.17346008 16.22340697 16.27335386
  16.32330074 16.37324763 16.42319451 16.4731414  16.52308829 16.57303517
  16.62298206 16.67292895 16.72287583 16.77282272 16.82276961 16.87271649
  16.92266338 16.97261026 17.02255715 17.07250404 17.12245092 17.17239781
  17.2223447  17.27229158 17.32223847 17.37218535 17.42213224 17.47207913
  17.52202601 17.5719729  17.62191979 17.67186667 17.72181356 17.77176044
  17.82170733 17.87165422 17.9216011  17.97154799 18.02149488 18.07144176
  18.12138865 18.17133553 18.22128242 18.27122931 18.32117619 18.37112308
  18.42106997 18.47101685 18.52096374 18.57091062 18.62085751 18.6708044
  18.72075128 18.77069817 18.82064506 18.87059194 18.92053883 18.97048572
  19.0204326  19.07037949 19.12032637 19.17027326 19.22022015 19.27016703
  19.32011392 19.37006081 19.42000769 19.46995458 19.51990146 19.56984835
  19.61979524 19.66974212 19.71968901 19.7696359  19.81958278 19.86952967
  19.91947655 19.96942344 20.01937033 20.06931721 20.1192641  20.16921099
  20.21915787 20.26910476 20.31905164 20.36899853 20.41894542 20.4688923
  20.51883919 20.56878608 20.61873296 20.66867985 20.71862673 20.76857362
  20.81852051 20.86846739 20.91841428 20.96836117 21.01830805 21.06825494
  21.11820183 21.16814871 21.2180956  21.26804248 21.31798937 21.36793626
  21.41788314 21.46783003 21.51777692 21.5677238  21.61767069 21.66761757
  21.71756446 21.76751135 21.81745823 21.86740512 21.91735201 21.96729889
  22.01724578 22.06719266 22.11713955 22.16708644 22.21703332 22.26698021
  22.3169271  22.36687398 22.41682087 22.46676775 22.51671464 22.56666153
  22.61660841 22.6665553  22.71650219 22.76644907 22.81639596 22.86634284
  22.91628973 22.96623662 23.0161835  23.06613039 23.11607728 23.16602416
  23.21597105 23.26591794 23.31586482 23.36581171 23.41575859 23.46570548
  23.51565237 23.56559925 23.61554614 23.66549303 23.71543991 23.7653868
  23.81533368 23.86528057 23.91522746 23.96517434 24.01512123 24.06506812
  24.115015   24.16496189 24.21490877 24.26485566 24.31480255 24.36474943
  24.41469632 24.46464321 24.51459009 24.56453698 24.61448386 24.66443075
  24.71437764 24.76432452 24.81427141 24.8642183  24.91416518 24.96411207
  25.01405895 25.06400584 25.11395273 25.16389961 25.2138465  25.26379339
  25.31374027 25.36368716 25.41363405 25.46358093 25.51352782 25.5634747
  25.61342159 25.66336848 25.71331536 25.76326225 25.81320914 25.86315602
  25.91310291 25.96304979 26.01299668 26.06294357 26.11289045 26.16283734
  26.21278423 26.26273111 26.312678   26.36262488 26.41257177 26.46251866
  26.51246554 26.56241243 26.61235932 26.6623062  26.71225309 26.76219997
  26.81214686 26.86209375 26.91204063 26.96198752 27.01193441 27.06188129
  27.11182818 27.16177506 27.21172195 27.26166884 27.31161572 27.36156261
  27.4115095  27.46145638 27.51140327 27.56135016 27.61129704 27.66124393
  27.71119081 27.7611377  27.81108459 27.86103147 27.91097836 27.96092525
  28.01087213 28.06081902 28.1107659  28.16071279 28.21065968 28.26060656
  28.31055345 28.36050034 28.40570068 28.45070076 28.49530029 28.5394001
  28.58270073 28.625      28.66500015 28.70500031 28.74500046 28.78500061
  28.82500076 28.85480118 28.88420105 28.9131012  28.94149971 28.96940041
  28.99670029 29.02340126 29.04949951 29.07500076 29.10910034 29.14280128
  29.17500114 29.2052002  29.23340034 29.25959969 29.28359985 29.30540085
  29.32500076 29.32500076 29.32500076 29.32500076 29.32500076 29.32500076
  29.32500076 29.32500076 29.32500076 29.32500076 29.32500076 29.32500076
  29.32500076 29.32500076 29.32500076 29.32500076 29.32500076 29.32500076
  29.32500076 29.32500076 29.32500076 29.32500076 29.32500076 29.32500076
  29.32500076 29.32500076 29.32500076 29.32500076 29.32500076 29.32500076
  29.32500076 29.32500076 29.32500076 29.32500076 29.32500076 29.32500076
  29.32500076 29.32500076 29.32500076 29.32500076 29.35000038]
 [23.17500114 23.17500114 23.17500114 23.17500114 23.17500114 23.17500114
  23.17500114 23.17500114 23.17500114 23.17500114 23.17500114 23.17500114
  23.17500114 23.17500114 23.17500114 23.17500114 23.17500114 23.17500114
  23.17500114 23.17500114 23.17500114 23.17500114 23.17500114 23.17500114
  23.17500114 23.17500114 23.17500114 23.17500114 23.17500114 23.17500114
  23.17500114 23.17500114 23.17420006 23.1704998  23.16360092 23.15369987
  23.14080048 23.125      23.10940043 23.09380086 23.07820129 23.06270027
  23.04920006 23.0387001  23.03110123 23.0265007  23.02499962 23.02499962
  23.02499962 23.02499962 23.02499962 23.02499962 23.02499962 23.02499962
  23.02499962 23.02499962 23.02499962 23.02499962 23.02499962 23.02499962
  23.02499962 23.02499962 23.02499962 23.02499962 23.02499962 23.02499962
  23.02499962 23.02499962 23.02499962 23.02499962 23.02499962 23.02499962
  23.02499962 23.02499962 23.02499962 23.02499962 23.02499962 23.02499962
  23.02499962 23.02499962 23.02499962 23.02499962 23.02499962 23.02499962
  23.02499962 23.02499962 23.02499962 23.02499962 23.02499962 23.02499962
  23.02499962 23.02499962 23.02499962 23.02499962 23.02499962 23.02499962
  23.02499962 23.02499962 23.02499962 23.02499962 23.02499962 23.02499962
  23.02499962 23.02499962 23.02499962 23.02499962 23.02499962 23.02499962
  23.02499962 23.02499962 23.02499962 23.02499962 23.02499962 23.02499962
  23.02499962 23.02499962 23.02499962 23.02499962 23.02499962 23.02499962
  23.02499962 23.02499962 23.02499962 23.02499962 23.02499962 23.02499962
  23.02499962 23.02499962 23.02499962 23.02499962 23.02499962 23.02499962
  23.02499962 23.02499962 23.02499962 23.02499962 23.02499962 23.02499962
  23.02499962 23.02499962 23.02499962 23.02499962 23.02499962 23.02499962
  23.02499962 23.02499962 23.02499962 23.02499962 23.02499962 23.02499962
  23.02499962 23.02499962 23.02499962 23.02499962 23.02499962 23.02499962
  23.02499962 23.02499962 23.02499962 23.02499962 23.02499962 23.02499962
  23.02499962 23.02499962 23.02499962 23.02499962 23.02499962 23.02499962
  23.02499962 23.02499962 23.02499962 23.02499962 23.02499962 23.02499962
  23.02499962 23.02499962 23.02499962 23.02499962 23.02499962 23.02499962
  23.02499962 23.02499962 23.02499962 23.02499962 23.02499962 23.02499962
  23.02499962 23.02499962 23.02499962 23.02499962 23.02499962 23.02499962
  23.02499962 23.02499962 23.02499962 23.02499962 23.02499962 23.02499962
  23.02499962 23.02499962 23.02499962 23.02499962 23.02499962 23.02499962
  23.02499962 23.02499962 23.02499962 23.02499962 23.02499962 23.02499962
  23.02499962 23.02499962 23.02499962 23.02499962 23.02499962 23.02499962
  23.02499962 23.02499962 23.02499962 23.02499962 23.02499962 23.02499962
  23.02499962 23.02499962 23.02499962 23.02499962 23.02499962 23.02499962
  23.02499962 23.02499962 23.02499962 23.02499962 23.02499962 23.02499962
  23.02499962 23.02499962 23.02499962 23.02499962 23.02499962 23.02499962
  23.02499962 23.02499962 23.02499962 23.02499962 23.02499962 23.02499962
  23.02499962 23.02499962 23.02499962 23.02499962 23.02499962 23.02499962
  23.02499962 23.02499962 23.02499962 23.02499962 23.02499962 23.02499962
  23.02499962 23.02499962 23.02499962 23.02499962 23.02499962 23.02499962
  23.02499962 23.02499962 23.02499962 23.02499962 23.02499962 23.02499962
  23.02499962 23.02499962 23.02499962 23.02499962 23.02499962 23.02499962
  23.02499962 23.02499962 23.02499962 23.02499962 23.02499962 23.02499962
  23.02499962 23.02499962 23.02499962 23.02499962 23.02499962 23.02499962
  23.02499962 23.02499962 23.02499962 23.02499962 23.02499962 23.02499962
  23.02499962 23.02499962 23.02499962 23.02499962 23.02499962 23.02499962
  23.02499962 23.02499962 23.02499962 23.02499962 23.02499962 23.02499962
  23.02499962 23.02499962 23.02499962 23.02499962 23.02499962 23.02499962
  23.02499962 23.02499962 23.02499962 23.02499962 23.02499962 23.02499962
  23.02499962 23.02499962 23.0258007  23.02950096 23.03639984 23.04630089
  23.05920029 23.07500076 23.09500084 23.11500092 23.13500099 23.15500107
  23.17500114 23.19339943 23.21290016 23.23330116 23.25460052 23.27690125
  23.30010033 23.32419968 23.3492012  23.375      23.40909958 23.44339943
  23.47929955 23.51679993 23.55590057 23.59630013 23.63809967 23.68099976
  23.72500038 23.72500038 23.72500038 23.72500038 23.72500038 23.72500038
  23.72500038 23.72500038 23.72500038 23.72500038 23.72500038 23.72500038
  23.72500038 23.72500038 23.72500038 23.72500038 23.72500038 23.72500038
  23.72500038 23.72500038 23.72500038 23.72500038 23.72500038 23.72500038
  23.72500038 23.72500038 23.72500038 23.72500038 23.72500038 23.72500038
  23.72500038 23.72500038 23.72500038 23.72500038 23.72500038 23.72500038
  23.72500038 23.72500038 23.72500038 23.72500038 23.70000076]]
